150553                          1                   1e-17               657                 221,02              2,97                142                 39,59               3,59                -6,151734           -50,489772          F 
150215                          1                   1e-17               657                 221,02              2,97                69                  19,29               3,58                -6,424206           -50,085674          F 
150034                          1                   1e-17               657                 221,02              2,97                0                   0,25                0                   -6,772979           -50,430155          F 
150420                          1                   1e-17               657                 221,02              2,97                154                 76,38               2,02                -5,629800           -50,016960          F 
150277                          1                   1e-17               657                 221,02              2,97                25                  6,60                3,79                -6,228930           -49,624611          F 
150808                          1                   1e-17               657                 221,02              2,97                2                   1,78                1,13                -6,820196           -51,391386          F 
150840                          1                   1e-17               657                 221,02              2,97                36                  10,91               3,30                -6,917778           -49,635269          F 
150775                          1                   1e-17               657                 221,02              2,97                0                   0,76                0                   -6,838887           -49,569770          F 
150370                          1                   1e-17               657                 221,02              2,97                6                   1,78                3,38                -5,114824           -49,869706          F 
150295                          1                   1e-17               657                 221,02              2,97                148                 38,57               3,84                -6,069645           -49,245435          F 
150616                          1                   1e-17               657                 221,02              2,97                15                  3,81                3,94                -7,340633           -49,895143          F 
150125                          1                   1e-17               657                 221,02              2,97                2                   0,76                2,63                -7,486384           -50,634416          F 
150563                          1                   1e-17               657                 221,02              2,97                6                   2,28                2,63                -6,541035           -49,011769          F 
150555                          1                   1e-17               657                 221,02              2,97                14                  4,57                3,07                -7,736975           -50,123622          F 
150543                          1                   1e-17               657                 221,02              2,97                6                   2,28                2,63                -7,520545           -51,430936          F 
150506                          1                   1e-17               657                 221,02              2,97                14                  6,09                2,30                -4,502843           -50,271610          F 
150304                          1                   1e-17               657                 221,02              2,97                18                  5,33                3,38                -7,548323           -49,576031          F 
172130                          2                   1e-17               1815                1273,97             1,42                0                   0                   0                   -8,356587           -48,210682          F 
171090                          2                   1e-17               1815                1273,97             1,42                0                   0,53                0                   -8,316305           -48,033318          F 
170360                          2                   1e-17               1815                1273,97             1,42                1                   0,53                1,87                -8,289902           -48,442793          F 
171840                          2                   1e-17               1815                1273,97             1,42                1                   1,60                0,62                -8,461880           -48,461591          F 
170550                          2                   1e-17               1815                1273,97             1,42                62                  56,13               1,10                -8,076436           -48,530115          F 
170930                          2                   1e-17               1815                1273,97             1,42                20                  17,11               1,17                -8,738467           -48,441673          F 
171570                          2                   1e-17               1815                1273,97             1,42                5                   2,67                1,87                -7,885947           -48,156283          F 
171110                          2                   1e-17               1815                1273,97             1,42                3                   2,67                1,12                -8,451208           -48,752608          F 
171050                          2                   1e-17               1815                1273,97             1,42                3                   3,74                0,80                -8,571533           -47,669318          F 
172125                          2                   1e-17               1815                1273,97             1,42                1                   1,07                0,94                -8,938579           -48,259595          F 
171888                          2                   1e-17               1815                1273,97             1,42                1                   0,53                1,87                -8,824680           -47,848301          F 
170305                          2                   1e-17               1815                1273,97             1,42                9                   6,42                1,40                -7,903014           -48,675544          F 
171665                          2                   1e-17               1815                1273,97             1,42                19                  13,90               1,37                -8,379808           -48,917158          F 
171670                          2                   1e-17               1815                1273,97             1,42                41                  25,66               1,60                -8,836543           -48,765582          F 
170330                          2                   1e-17               1815                1273,97             1,42                2                   2,14                0,94                -9,012407           -47,879220          F 
171488                          2                   1e-17               1815                1273,97             1,42                48                  32,08               1,50                -7,637885           -48,360745          F 
170900                          2                   1e-17               1815                1273,97             1,42                8                   8,55                0,94                -8,094161           -47,481534          F 
170825                          2                   1e-17               1815                1273,97             1,42                0                   0                   0                   -9,071432           -48,546025          F 
170320                          2                   1e-17               1815                1273,97             1,42                0                   0,53                0                   -7,983475           -48,969117          F 
171650                          2                   1e-17               1815                1273,97             1,42                4                   4,81                0,83                -9,226904           -48,034211          F 
170307                          2                   1e-17               1815                1273,97             1,42                3                   2,14                1,40                -7,717769           -47,578608          F 
171870                          2                   1e-17               1815                1273,97             1,42                0                   0                   0                   -9,235896           -48,452510          F 
171180                          2                   1e-17               1815                1273,97             1,42                14                  9,09                1,54                -8,140808           -49,110333          F 
170600                          2                   1e-17               1815                1273,97             1,42                9                   10,16               0,89                -8,436745           -49,162447          F 
170830                          2                   1e-17               1815                1273,97             1,42                10                  7,48                1,34                -8,873204           -49,011194          F 
170770                          2                   1e-17               1815                1273,97             1,42                14                  10,16               1,38                -7,496680           -47,793748          F 
170230                          2                   1e-17               1815                1273,97             1,42                15                  9,09                1,65                -7,723417           -48,999830          F 
170410                          2                   1e-17               1815                1273,97             1,42                2                   1,07                1,87                -9,073795           -47,444782          F 
170210                          2                   1e-17               1815                1273,97             1,42                1099                715,84              1,54                -7,331299           -48,587802          F 
171630                          2                   1e-17               1815                1273,97             1,42                4                   8,55                0,47                -7,544930           -48,988355          F 
171850                          2                   1e-17               1815                1273,97             1,42                9                   4,81                1,87                -8,697361           -47,113110          F 
171330                          2                   1e-17               1815                1273,97             1,42                5                   9,62                0,52                -9,416343           -48,683762          F 
170300                          2                   1e-17               1815                1273,97             1,42                21                  16,04               1,31                -7,174541           -47,856837          F 
170720                          2                   1e-17               1815                1273,97             1,42                9                   8,02                1,12                -9,270937           -49,066933          F 
172110                          2                   1e-17               1815                1273,97             1,42                8                   9,09                0,88                -9,603364           -48,140915          F 
150270                          2                   1e-17               1815                1273,97             1,42                179                 132,58              1,35                -8,182491           -49,512708          F 
170388                          2                   1e-17               1815                1273,97             1,42                24                  19,25               1,25                -7,045121           -48,374543          F 
210280                          2                   1e-17               1815                1273,97             1,42                20                  14,43               1,39                -7,376415           -47,211247          F 
170384                          2                   1e-17               1815                1273,97             1,42                4                   3,74                1,07                -8,203799           -46,804584          F 
170190                          2                   1e-17               1815                1273,97             1,42                17                  10,69               1,59                -8,939099           -49,505540          F 
171320                          2                   1e-17               1815                1273,97             1,42                42                  36,35               1,16                -9,754161           -48,551468          F 
172208                          2                   1e-17               1815                1273,97             1,42                34                  21,38               1,59                -6,910060           -48,001982          F 
171395                          2                   1e-17               1815                1273,97             1,42                3                   3,74                0,80                -7,003343           -48,786506          F 
171875                          2                   1e-17               1815                1273,97             1,42                3                   1,60                1,87                -9,647384           -47,495995          F 
170130                          2                   1e-17               1815                1273,97             1,42                9                   8,02                1,12                -6,945524           -48,632330          F 
171886                          2                   1e-17               1815                1273,97             1,42                30                  20,32               1,48                -7,093113           -48,974978          F 
150613                          3                   1e-17               222                 79,15               2,80                222                 79,15               2,80                -8,069329           -50,198124          F 
210735                          4                   1e-17               505                 292,69              1,73                0                   2,12                0                   -2,896042           -45,955277          F 
210087                          4                   1e-17               505                 292,69              1,73                2                   2,54                0,79                -3,079096           -45,787334          F 
211400                          4                   1e-17               505                 292,69              1,73                42                  14,18               2,96                -3,259882           -45,912613          F 
211003                          4                   1e-17               505                 292,69              1,73                1                   1,48                0,68                -2,539928           -45,772286          F 
210637                          4                   1e-17               505                 292,69              1,73                1                   1,27                0,79                -2,412554           -45,946908          F 
210315                          4                   1e-17               505                 292,69              1,73                1                   0,21                4,73                -2,428720           -46,117003          F 
210465                          4                   1e-17               505                 292,69              1,73                2                   1,27                1,58                -3,419099           -45,925892          F 
210825                          4                   1e-17               505                 292,69              1,73                0                   0,42                0                   -2,989011           -45,430761          F 
210317                          4                   1e-17               505                 292,69              1,73                0                   0,42                0                   -3,070710           -46,533634          F 
210923                          4                   1e-17               505                 292,69              1,73                0                   0,21                0                   -2,318955           -45,773369          F 
210927                          4                   1e-17               505                 292,69              1,73                1                   0,21                4,73                -2,586656           -45,361528          F 
211102                          4                   1e-17               505                 292,69              1,73                0                   0                   0                   -3,510843           -46,379052          F 
210830                          4                   1e-17               505                 292,69              1,73                1                   0,42                2,36                -3,251578           -45,297794          F 
210980                          4                   1e-17               505                 292,69              1,73                1                   0,21                4,73                -2,418953           -45,371084          F 
210467                          4                   1e-17               505                 292,69              1,73                2                   1,06                1,89                -2,061741           -45,818213          F 
210690                          4                   1e-17               505                 292,69              1,73                10                  4,23                2,36                -3,490651           -45,321052          F 
211245                          4                   1e-17               505                 292,69              1,73                0                   0,63                0                   -2,158973           -45,437585          F 
210632                          4                   1e-17               505                 292,69              1,73                0                   1,48                0                   -1,984278           -45,993957          F 
210860                          4                   1e-17               505                 292,69              1,73                1                   0,85                1,18                -2,498115           -45,126903          F 
211227                          4                   1e-17               505                 292,69              1,73                1                   0,21                4,73                -3,758069           -45,581291          F 
210745                          4                   1e-17               505                 292,69              1,73                0                   0                   0                   -2,975552           -45,008851          F 
210850                          4                   1e-17               505                 292,69              1,73                3                   2,54                1,18                -3,693276           -45,440160          F 
210760                          4                   1e-17               505                 292,69              1,73                0                   0,42                0                   -2,691991           -45,023395          F 
211050                          4                   1e-17               505                 292,69              1,73                0                   0,21                0                   -2,798068           -44,999278          F 
210650                          4                   1e-17               505                 292,69              1,73                0                   0                   0                   -3,071444           -45,001809          F 
210047                          4                   1e-17               505                 292,69              1,73                3                   1,06                2,84                -3,870264           -46,001686          F 
211280                          4                   1e-17               505                 292,69              1,73                0                   0,21                0                   -3,156305           -45,002503          F 
210565                          4                   1e-17               505                 292,69              1,73                0                   0,21                0                   -1,918483           -46,117875          F 
211170                          4                   1e-17               505                 292,69              1,73                0                   0,21                0                   -2,877208           -44,941541          F 
210250                          4                   1e-17               505                 292,69              1,73                0                   0,42                0                   -3,390636           -45,052726          F 
150195                          4                   1e-17               505                 292,69              1,73                0                   0                   0                   -1,988674           -46,443214          F 
150495                          4                   1e-17               505                 292,69              1,73                2                   2,12                0,95                -2,392644           -46,900043          F 
210177                          4                   1e-17               505                 292,69              1,73                3                   2,33                1,29                -3,757828           -45,265953          F 
210200                          4                   1e-17               505                 292,69              1,73                2                   2,96                0,68                -3,900404           -46,418267          F 
210990                          4                   1e-17               505                 292,69              1,73                41                  23,07               1,78                -3,873519           -45,436753          F 
210840                          4                   1e-17               505                 292,69              1,73                0                   0                   0                   -2,570558           -44,895820          F 
210515                          4                   1e-17               505                 292,69              1,73                6                   2,96                2,03                -3,656466           -45,123829          F 
210197                          4                   1e-17               505                 292,69              1,73                0                   0                   0                   -1,762072           -46,178918          F 
211100                          4                   1e-17               505                 292,69              1,73                0                   0,85                0                   -3,006026           -44,764600          F 
210055                          4                   1e-17               505                 292,69              1,73                0                   0,21                0                   -1,673075           -45,948044          F 
211290                          4                   1e-17               505                 292,69              1,73                4                   2,33                1,72                -3,568091           -44,922140          F 
211240                          4                   1e-17               505                 292,69              1,73                3                   0,85                3,54                -1,765272           -45,463090          F 
211172                          4                   1e-17               505                 292,69              1,73                2                   0,63                3,15                -3,938628           -45,259220          F 
210190                          4                   1e-17               505                 292,69              1,73                1                   0,63                1,58                -2,430937           -44,785666          F 
210312                          4                   1e-17               505                 292,69              1,73                0                   0                   0                   -2,254877           -44,857933          F 
210135                          4                   1e-17               505                 292,69              1,73                0                   0                   0                   -2,699600           -44,695168          F 
210870                          4                   1e-17               505                 292,69              1,73                7                   2,33                3,01                -3,851529           -45,093158          F 
210260                          4                   1e-17               505                 292,69              1,73                1                   0,21                4,73                -1,617158           -45,676683          F 
150307                          4                   1e-17               505                 292,69              1,73                10                  10,37               0,96                -2,168306           -47,075977          F 
210040                          4                   1e-17               505                 292,69              1,73                2                   0,63                3,15                -4,167027           -45,502813          F 
210240                          4                   1e-17               505                 292,69              1,73                2                   0,63                3,15                -2,874443           -44,598769          F 
211000                          4                   1e-17               505                 292,69              1,73                28                  13,76               2,04                -4,269898           -45,931601          F 
210100                          4                   1e-17               505                 292,69              1,73                0                   0,85                0                   -3,533381           -44,727374          F 
211178                          4                   1e-17               505                 292,69              1,73                0                   0,21                0                   -1,873325           -45,017328          F 
210680                          4                   1e-17               505                 292,69              1,73                0                   0,42                0                   -2,058695           -44,843271          F 
210070                          4                   1e-17               505                 292,69              1,73                0                   0,42                0                   -3,255706           -44,598907          F 
210355                          4                   1e-17               505                 292,69              1,73                0                   0                   0                   -3,797024           -44,838523          F 
210130                          4                   1e-17               505                 292,69              1,73                1                   1,06                0,95                -1,683278           -45,162550          F 
210740                          4                   1e-17               505                 292,69              1,73                5                   1,69                2,95                -4,094633           -45,120349          F 
150830                          4                   1e-17               505                 292,69              1,73                0                   0                   0                   -1,523163           -46,453033          F 
211300                          4                   1e-17               505                 292,69              1,73                3                   2,96                1,01                -4,243726           -45,312499          F 
210490                          4                   1e-17               505                 292,69              1,73                5                   1,69                2,95                -2,146237           -44,662272          F 
210215                          4                   1e-17               505                 292,69              1,73                1                   0,63                1,58                -4,365104           -45,650059          F 
210020                          4                   1e-17               505                 292,69              1,73                8                   4,44                1,80                -2,379298           -44,539868          F 
210620                          4                   1e-17               505                 292,69              1,73                0                   0                   0                   -1,386972           -45,889811          F 
210590                          4                   1e-17               505                 292,69              1,73                3                   2,54                1,18                -3,989454           -44,882058          F 
150230                          4                   1e-17               505                 292,69              1,73                1                   2,12                0,47                -2,042165           -47,233396          F 
210430                          4                   1e-17               505                 292,69              1,73                1                   0,21                4,73                -1,370089           -45,762539          F 
210290                          4                   1e-17               505                 292,69              1,73                0                   0,21                0                   -1,350079           -46,029408          F 
210675                          4                   1e-17               505                 292,69              1,73                8                   9,74                0,82                -3,531420           -44,526852          F 
150655                          4                   1e-17               505                 292,69              1,73                0                   0,21                0                   -1,656634           -46,926917          F 
210125                          4                   1e-17               505                 292,69              1,73                17                  7,83                2,17                -2,936346           -44,357969          F 
210083                          4                   1e-17               505                 292,69              1,73                0                   0,21                0                   -1,535338           -45,087375          F 
210310                          4                   1e-17               505                 292,69              1,73                4                   2,54                1,58                -1,977465           -44,593760          F 
210232                          4                   1e-17               505                 292,69              1,73                17                  11,64               1,46                -4,493788           -46,342416          F 
211020                          4                   1e-17               505                 292,69              1,73                21                  10,79               1,95                -3,159540           -44,328712          F 
210905                          4                   1e-17               505                 292,69              1,73                0                   0                   0                   -1,883853           -44,633128          F 
210370                          4                   1e-17               505                 292,69              1,73                1                   1,69                0,59                -1,672872           -44,820598          F 
150550                          4                   1e-17               505                 292,69              1,73                3                   6,77                0,44                -3,203450           -47,603151          F 
211130                          4                   1e-17               505                 292,69              1,73                208                 110,90              1,88                -2,633691           -44,280904          F 
210663                          4                   1e-17               505                 292,69              1,73                5                   1,69                2,95                -3,756649           -44,477689          F 
210810                          4                   1e-17               505                 292,69              1,73                7                   3,60                1,95                -4,521937           -45,394354          F 
170255                          5                   1e-17               321                 194,93              1,65                14                  13,77               1,02                -5,497818           -47,928155          F 
171830                          5                   1e-17               321                 194,93              1,65                6                   4,90                1,23                -5,474839           -47,781932          F 
171880                          5                   1e-17               321                 194,93              1,65                0                   5,51                0                   -5,329649           -47,918820          F 
170389                          5                   1e-17               321                 194,93              1,65                1                   3,37                0,30                -5,337173           -48,009925          F 
170290                          5                   1e-17               321                 194,93              1,65                10                  6,43                1,56                -5,649398           -47,766109          F 
170220                          5                   1e-17               321                 194,93              1,65                113                 49,57               2,28                -5,665841           -48,104822          F 
170380                          5                   1e-17               321                 194,93              1,65                26                  12,55               2,07                -5,337669           -48,136314          F 
172080                          5                   1e-17               321                 194,93              1,65                12                  6,12                1,96                -5,635116           -47,684094          F 
172020                          5                   1e-17               321                 194,93              1,65                8                   5,81                1,38                -5,543428           -47,597771          F 
210530                          5                   1e-17               321                 194,93              1,65                131                 86,91               1,51                -5,339771           -47,575238          F 
211080                          6                   0,0000000000000714  666                 498,90              1,33                0                   0                   0                   -7,091899           -44,883476          F 
210180                          6                   0,0000000000000714  666                 498,90              1,33                1                   0,47                2,15                -7,120543           -44,568302          F 
210610                          6                   0,0000000000000714  666                 498,90              1,33                0                   0,47                0                   -7,220714           -45,219840          F 
211065                          6                   0,0000000000000714  666                 498,90              1,33                3                   1,40                2,15                -6,833216           -44,617362          F 
210670                          6                   0,0000000000000714  666                 498,90              1,33                9                   5,12                1,76                -6,453894           -44,951002          F 
210970                          6                   0,0000000000000714  666                 498,90              1,33                1                   0,93                1,07                -7,431842           -45,556273          F 
211190                          6                   0,0000000000000714  666                 498,90              1,33                4                   2,33                1,72                -6,509859           -44,339004          F 
211160                          6                   0,0000000000000714  666                 498,90              1,33                5                   2,79                1,79                -7,013853           -45,690941          F 
210800                          6                   0,0000000000000714  666                 498,90              1,33                11                  6,98                1,58                -6,632214           -44,180646          F 
210730                          6                   0,0000000000000714  666                 498,90              1,33                0                   0                   0                   -6,749952           -44,040048          F 
210408                          6                   0,0000000000000714  666                 498,90              1,33                5                   2,33                2,15                -6,173799           -45,306178          F 
210770                          6                   0,0000000000000714  666                 498,90              1,33                17                  11,17               1,52                -6,403787           -43,923991          F 
210410                          6                   0,0000000000000714  666                 498,90              1,33                2                   1,86                1,07                -6,941938           -46,081924          F 
210350                          6                   0,0000000000000714  666                 498,90              1,33                33                  49,33               0,67                -6,055721           -44,181441          F 
211110                          6                   0,0000000000000714  666                 498,90              1,33                30                  20,48               1,47                -6,559408           -43,638077          F 
210545                          6                   0,0000000000000714  666                 498,90              1,33                3                   1,86                1,61                -5,852250           -44,293996          F 
210725                          6                   0,0000000000000714  666                 498,90              1,33                0                   0                   0                   -7,144311           -46,264520          F 
210409                          6                   0,0000000000000714  666                 498,90              1,33                4                   2,79                1,43                -6,514205           -46,186257          F 
210790                          6                   0,0000000000000714  666                 498,90              1,33                33                  17,68               1,87                -6,152674           -43,758373          F 
211230                          6                   0,0000000000000714  666                 498,90              1,33                12                  10,70               1,12                -5,610439           -44,730624          F 
211195                          6                   0,0000000000000714  666                 498,90              1,33                3                   2,33                1,29                -6,406773           -43,485201          F 
211070                          6                   0,0000000000000714  666                 498,90              1,33                34                  20,48               1,66                -5,638220           -44,336556          F 
211200                          6                   0,0000000000000714  666                 498,90              1,33                0                   0                   0                   -8,332009           -45,886297          F 
210975                          6                   0,0000000000000714  666                 498,90              1,33                0                   0                   0                   -5,518973           -44,618508          F 
210160                          6                   0,0000000000000714  666                 498,90              1,33                129                 115,42              1,12                -5,504130           -45,183085          F 
210420                          6                   0,0000000000000714  666                 498,90              1,33                13                  7,91                1,64                -5,668384           -44,029560          F 
210230                          6                   0,0000000000000714  666                 498,90              1,33                56                  32,58               1,72                -5,789168           -43,830508          F 
210480                          6                   0,0000000000000714  666                 498,90              1,33                104                 69,34               1,50                -5,840227           -46,014945          F 
210407                          6                   0,0000000000000714  666                 498,90              1,33                0                   0,47                0                   -7,018614           -46,626758          F 
210592                          6                   0,0000000000000714  666                 498,90              1,33                3                   1,86                1,61                -6,032194           -43,495637          F 
210462                          6                   0,0000000000000714  666                 498,90              1,33                3                   1,86                1,61                -5,537172           -44,093309          F 
210150                          6                   0,0000000000000714  666                 498,90              1,33                19                  13,03               1,46                -6,592879           -43,188051          F 
210470                          6                   0,0000000000000714  666                 498,90              1,33                0                   0,47                0                   -5,414802           -44,318120          F 
211157                          6                   0,0000000000000714  666                 498,90              1,33                0                   0                   0                   -6,819537           -46,707409          F 
210950                          6                   0,0000000000000714  666                 498,90              1,33                33                  23,27               1,42                -7,597924           -46,659403          F 
210547                          6                   0,0000000000000714  666                 498,90              1,33                22                  10,70               2,06                -5,392410           -45,575836          F 
210140                          6                   0,0000000000000714  666                 498,90              1,33                74                  60,50               1,22                -8,237648           -46,342758          F 
