                                 _____________________________

                                         SaTScan v10.0
                                 _____________________________


Program run on: Sat Sep  4 13:30:39 2021

Retrospective Space-Time analysis
scanning for clusters with high rates
using the Space-Time Permutation model.
_______________________________________________________________________________________________

SUMMARY OF DATA

Study period.......................: 2007/1/1 to 2019/12/31
Number of locations................: 5570
Total number of cases..............: 39447
_______________________________________________________________________________________________

CLUSTERS DETECTED

1.Location IDs included.: 150277, 150215, 150420, 150553, 150295, 150775, 150034, 150840,
                          150370, 150563, 150745, 150715, 150616, 150497, 150750, 171886,
                          171395, 150175, 150304, 172210, 150157, 150549, 170130, 170215,
                          170740, 150125, 150506, 150380, 150808, 150555
  Coordinates / radius..: (6,072730 S, 49,900781 W) / 186,57 km
  Time frame............: 2017/1/1 to 2019/12/31
  Number of cases.......: 752
  Expected cases........: 258,34
  Observed / expected...: 2,91
  Test statistic........: 312,943528
  P-value...............: < 0,00000000000000001

2.Location IDs included.: 291470, 291190, 291960, 290380, 292720, 291260, 292280, 291685,
                          290260, 291400, 292130, 292210, 292490, 291900, 290430, 292080,
                          292595, 291420, 292850, 292465, 293130, 292010, 292285, 290100,
                          291030, 293340, 292790, 293280, 292480, 291500, 290130, 291905,
                          290730, 292405, 293305, 293210, 291690, 290685, 291380, 293317,
                          293310, 292050, 291670, 293040, 292940, 291930, 292880, 290950,
                          291820, 291760, 292960, 290830, 290485, 292240, 293060, 291870,
                          291430, 292273, 291880, 292630, 290405, 290170, 290150, 292120,
                          292593, 291125, 292870, 292937, 291020, 290980, 292230, 291160,
                          292350, 292910, 292190, 292575, 290687, 290640, 290820, 291440,
                          292220, 292900, 293350, 291080, 293160, 292895, 291220, 292205,
                          293110, 290230, 292930, 292610, 291800, 293290, 290280, 292170,
                          292250, 292060, 291570, 291330, 290510, 290490, 290195, 290530,
                          291780, 291750, 292750, 293300, 290840, 292275, 293120, 290400,
                          291830, 291120, 290550, 292860, 290880, 292830, 292975, 290890,
                          293080, 292040, 292800, 290850, 292990, 290327, 293050, 292730,
                          290110, 291910, 292467, 290620, 292580, 293315, 292260, 292525,
                          291290, 291450, 291860, 290010, 290060, 292430, 290540, 292980,
                          291390, 291992, 290115, 292920, 293320, 290323, 291610, 291510,
                          291730, 293170, 293140, 292410, 291720, 292145, 292330, 293150,
                          290040, 291345, 290310, 293230, 291270, 292670, 290360, 292950,
                          291915, 292740, 291520, 290650, 290210, 292140, 291835, 292303,
                          290220, 292460, 291085, 290370, 293100, 291310, 290580, 290300,
                          291700, 292265, 290750, 292335, 293070, 290395, 290515, 291150,
                          292690, 291000, 291010, 290070, 290050, 291300, 290180, 292970,
                          291460, 293220, 291920, 292070, 291005, 290680, 291370, 290240,
                          292925, 292510, 292520, 291250, 291660, 290570, 293010, 292560,
                          291240, 290205, 291950, 290755, 293190, 293240, 292290, 292100,
                          290200, 291350, 290460, 292360, 292590, 291490, 290120, 291230,
                          290450, 293245, 292500, 292310, 290800, 290190, 291590, 291850,
                          290760, 293270, 290790, 291410, 291050, 290090, 290135, 291550,
                          290689, 292150, 290420, 290600, 290960, 292270, 292030, 290700,
                          290410, 291100, 292320, 290330, 290290, 291980, 291875, 293105,
                          292780, 290030, 291210, 291995, 291090, 291060, 292650, 292660,
                          291650, 290480, 291360, 291070, 292680, 291770, 290265, 291480,
                          291130, 291710, 292700, 290520, 291620, 293330, 292570, 291535,
                          291165, 290350, 291200, 291580, 291185, 280750, 290470, 290860,
                          291540, 291340, 292370, 280740, 292935, 290780, 291855, 280170,
                          290500, 280550, 293200, 293020, 293180, 291640, 280300, 292160,
                          291790, 280760, 292470, 292305, 291075, 290682, 290225, 293360,
                          291320, 280580, 292105, 292640, 290160, 293250, 280510, 292665,
                          280280, 290870, 293077, 291940, 280040, 290900, 291170, 290035,
                          290670, 291840, 280630, 291740, 292390, 290390, 280067, 280710,
                          290560, 292450, 291970, 292380, 293076, 280350, 290660, 292805,
                          291810, 293075, 280210, 314465, 292180, 280620, 292225, 291040,
                          292000, 291680, 280520, 292540, 293260, 280680, 280500, 290920,
                          316270, 280370, 292090, 314055, 280100, 292340, 280320, 312245,
                          290630, 312235, 280230, 280140, 290270, 313650, 310520, 310100,
                          290990, 280290, 314345, 292420, 280050, 280670, 317065, 293030,
                          293000, 293015, 290440, 291630, 290770, 290720, 310665, 292760,
                          280600, 312430, 280390, 280410, 292600, 280030, 280445, 280360,
                          313065, 280590, 280480, 261110, 291990, 314870, 280650, 313925,
                          290340, 316045, 310170, 292820, 292400, 280700, 315710, 293345,
                          280450, 280200, 291530, 280420, 280400, 312087, 310270, 280460,
                          313470, 292020, 280120, 280060, 280720, 280220, 291733, 280540,
                          280610, 280660, 316800, 292710, 314290, 292440, 280250, 280190,
                          290710, 260875, 293090, 312733, 292905, 280150, 291140, 315810,
                          315737, 280260, 314100, 280130, 290475, 290020, 291072, 220335,
                          270240, 290610, 292770, 315560, 280560, 290970, 280330, 311547,
                          220375, 280020, 260805, 280530, 314140, 261260, 280430, 313580,
                          270710, 315660, 280310, 280240, 270580, 220345, 280380, 270642,
                          316030, 260020, 292045, 270640, 314655, 315700, 221035, 311700,
                          290940, 280110, 280690, 314537, 292810, 270010, 280340, 290250,
                          280160, 291180, 260515, 280470, 280010, 270840, 290590, 280730,
                          260740, 270090, 270620, 314085, 221135, 280490, 313695, 260980,
                          312560, 280570, 261100, 291077, 220285, 316695, 220865, 270330,
                          315510, 270820, 260160, 270540, 220556, 290910, 315220, 270895,
                          270340, 312707, 280440, 261480, 291465, 220192, 270920, 292530,
                          270180, 313330, 280270, 270070, 270570, 280640, 313505, 261245,
                          270590, 313930, 270750, 260300, 314675, 315650, 220070, 220110,
                          290140, 221060, 220005, 280070, 270500, 313600, 290740, 220245,
                          314505, 313400, 261255, 291845, 270600, 270150, 270320, 220552,
                          270370, 270460, 270290, 270160, 270720, 314625, 315450, 315765,
                          270680, 312705, 270800, 270670, 261040, 270440, 317103, 260392,
                          260570, 292840, 313510, 260700, 220173, 270410, 314315, 311950,
                          270260, 220955, 315217, 310660, 261520, 270610, 220665, 270250,
                          316245, 270880, 270270, 220780, 220553, 220211, 291560, 270235,
                          314270, 220965, 220535, 260915, 270120, 270030, 313210, 310090,
                          220250, 313657, 261220, 260990, 313890, 314225, 291600, 260750,
                          317160, 221000, 270915, 260930, 270400, 270310, 270530, 314630,
                          220327, 270200, 293325, 270255, 270230, 292550, 310340, 270420,
                          317090, 220320, 260050, 312780, 220795, 220515, 220760, 261610,
                          270910, 260660, 312015, 317030, 260650, 261400, 314535, 260630,
                          270080, 220280, 270630, 220155, 220455, 270140, 311300, 261560,
                          221062, 220198, 310650, 292110, 311783, 270900, 260180, 312030,
                          316240, 312650, 311270, 270020, 220793, 261580, 220255, 260210,
                          221070, 221095, 261390, 270375, 312965, 292620, 260200, 270490,
                          231060, 260430, 261350, 293135, 313652, 260110, 270480, 312670,
                          220777, 270660, 270100, 270860, 270760, 314915, 261430, 311545,
                          261230, 260280, 313545, 270700, 314850, 261510, 230720, 270780,
                          290080, 221080, 291890, 260340, 260730, 220300, 311610, 290930,
                          260530, 313230, 230710, 220605, 220490, 260860, 220870, 260510,
                          292890, 270060, 261030, 221150, 313865, 270940, 261080, 310825,
                          314530, 221090, 260240, 220730, 220930, 314795, 313835, 220210,
                          310850, 220595, 220885, 231110, 261247, 270690, 220887, 270130,
                          220230, 270040, 290320, 270190, 270470, 251335, 290690, 230250,
                          290810, 311370, 260560, 260320, 261570, 313535, 260470, 220157,
                          220720, 220310, 260600, 220290, 261600, 230190, 313520, 261410,
                          291735, 220520, 291280, 270170, 220415, 220209, 250900, 314180,
                          314430, 220500, 316670, 220735, 260120, 220385, 314200, 270790,
                          251350, 270220, 270890, 270810, 313200, 316860, 261010, 251455,
                          260380, 230130, 220190, 313700, 316970, 261320, 230010, 270770,
                          221039, 250440, 231195, 313680, 270110, 231210, 260060, 220950,
                          230840, 260825, 220027, 230420, 221160, 230810, 260390, 250660,
                          260100, 251230, 314330, 270550, 261153, 316555, 292300, 220213,
                          260830, 220095, 250530, 270430, 270930, 261090, 230830, 312735,
                          220045, 220435, 251520, 230730, 260330, 270520, 260370, 310860,
                          251740, 220430, 231120, 315240, 220380, 250560, 221030, 251660,
                          230920, 260010, 317107, 220275, 220660, 320360, 220785, 220910,
                          260690, 221170, 270830, 220975, 261300, 250210, 310285, 260880,
                          220900, 221010, 251100, 291110, 251020, 313868, 270280, 292200,
                          250240, 316110, 220277, 312825, 270644, 260840, 261240, 220755,
                          261120, 311230, 230060, 220420, 313920, 291955, 261440, 260710,
                          230270, 261150, 314620, 250800, 220800, 250970, 230320, 250960,
                          320350, 230200, 221093, 270300, 251430, 270050, 260670, 311350,
                          220360, 270380, 251570, 251410, 220025, 230160, 251360, 270850,
                          250700, 220590, 260310, 320405, 220650, 261460, 220323, 230430,
                          311880, 310470, 312675, 250010, 220940, 261590, 261020, 230170,
                          220740, 261290, 220180, 220935, 230480, 251450, 320425, 312680,
                          270210, 316265, 220340, 260170, 270650, 220510, 320210, 220970,
                          220820, 261470, 270510, 310730, 250390, 260080, 251220, 230080,
                          220995, 220440, 310445, 250260, 313005, 311615, 260870, 260920,
                          250330, 310060, 260800, 251130, 270560, 251040, 313270, 250410,
                          316225, 260795, 251060, 250670, 231325, 261360, 317000, 261280,
                          250020, 270870, 221020, 320410, 260500, 221037, 231400, 220700,
                          261310, 311115, 220130, 313250, 250370, 314545, 261650, 270740,
                          270390, 220480, 230750, 251630, 260150, 521270, 311650, 251000,
                          311080, 220225, 260030, 250073, 315000, 260420, 230570, 230040,
                          270135, 320160, 316450, 220985, 220170, 270730, 315057, 250480,
                          250220, 230330, 250470, 320100, 316330, 312380, 171215, 260260,
                          260250, 170270, 220670, 251420, 261330, 250870, 250939, 250590,
                          314467, 260770, 270360, 270350, 261000, 220470, 230180, 250420,
                          320016, 220937, 316590, 250915, 314490, 316300, 251330, 315820,
                          170555, 250407, 260230, 260410, 231190, 221063, 520670, 520490,
                          261250, 260040, 250485, 230380, 315213, 313180, 313655, 312695,
                          251670, 320515, 313507, 250070, 250375, 520830, 521980, 312960,
                          270450, 231370, 171515, 172090, 260350, 230740, 250540, 520940,
                          520396, 251550, 251480, 251380, 220207, 313730, 316105, 260820,
                          251460, 251620, 316350, 250077, 220559, 320090, 171780, 220390,
                          250850, 261540, 251680, 171525, 260130, 320390, 313560, 312690,
                          221097, 314150, 251396, 317052, 250355, 260140, 313960, 260190,
                          521830, 314010, 251207, 522070, 261200, 251392, 250340, 311680,
                          261500, 314420, 316410, 260590, 250450, 320490, 261170, 261340,
                          317190, 260480, 231030, 220115, 250170, 220810, 312660, 312620,
                          251210, 220690, 230550, 220117, 251394, 261485, 220530, 316420,
                          221140, 251080, 312540, 316257, 317150, 250880, 312550, 312210,
                          230360, 250205, 230150, 261620, 251070, 251398, 251720, 220100,
                          315600, 311570, 261180, 251690, 261190, 251365, 251400, 251260,
                          251065, 251650, 313640, 312010, 312160, 230540, 260090, 220410,
                          260580, 221120, 220560, 250840, 221130, 250115, 220920, 251278,
                          260490, 260640, 311920, 250550, 171270, 310450, 251320, 320330,
                          314860, 251203, 522068, 311205, 220400, 170700, 240860, 171865,
                          251440, 250810, 250053, 261140, 260450, 261270, 261420, 251300,
                          314840, 320470, 320305, 230950, 240725, 250310, 320517, 316280,
                          251385, 240700, 251490, 241410, 310920, 261450, 312770, 320013,
                          241475, 251315, 312730, 230030, 231135, 520990, 316165, 260520,
                          520080, 251090, 250250, 250230, 314060, 316650, 261618, 250650,
                          521350, 250937, 220600, 250740, 240600, 261130, 250135, 261050,
                          320035, 312083, 240480, 210050, 251340, 320501, 261210, 250780,
                          172093, 220880, 317080, 240290, 241080, 312737, 250157, 220080,
                          315120, 316550, 260720, 260415, 315760, 241250, 240050, 220090,
                          170240, 260810, 210150, 251710, 316020, 320465, 231330, 250290,
                          241210, 261640, 240730, 220450, 251280, 250770, 315445, 250435,
                          220350, 251700, 241340, 312220, 316950, 240040, 250215, 220050,
                          320400, 250625, 241000, 260220, 315750, 251675, 521490, 316160,
                          260610, 310180, 317180, 241050, 260540, 251470, 315680, 171800,
                          260290, 251610, 320225, 231126, 311265, 312750, 251390, 240320,
                          220855, 260970, 240340, 260890, 220105, 240330, 310940, 320435,
                          240590, 316710, 260940, 251250, 172015, 250430, 310480, 231090,
                          230426, 315430, 311840, 240850, 220890, 231080, 240090, 260440,
                          220525, 240940, 520790, 250130, 312100, 230690, 260910, 260850,
                          312800, 241430, 230850, 260845, 241142, 310930, 241355, 250400,
                          313320, 251540, 312580, 250280, 312370, 220915, 250610, 314995,
                          260790, 260400, 211110, 240400, 313810, 261370, 250990, 317047,
                          220960, 240390, 230427, 261380, 310050, 260270, 170040, 251050,
                          170560, 220460, 522108, 210180, 210730, 240060, 320320, 240890,
                          220060, 261060, 314250, 251200, 315330, 240200, 240740, 240570,
                          241190, 240560, 231300, 251240, 240690, 250720, 211195, 241020,
                          221040, 313410, 312760, 261630, 310880, 250500, 220945, 320335,
                          211090, 310240, 211200, 316770, 316610, 260900, 260950, 260345,
                          314435, 220980, 310820, 251110, 250950, 241240, 251465, 261160,
                          250830, 316840, 316060, 241490, 241060, 241180, 230940, 261550,
                          315950, 241380, 320150, 250920, 240930, 250120, 220775, 260005,
                          241450, 230835, 221038, 310855, 251510, 261530, 251275, 250680,
                          312310, 251030, 251310, 260105, 231270, 312260, 241070, 220020,
                          522220, 250200, 240760, 310220, 260960, 250933, 241100, 210800,
                          230600, 220710, 240240, 310630, 240840, 250600, 260070, 251580,
                          261070, 231050, 220860, 316260, 230560, 250940, 313610, 312930,
                          260680, 312250, 211080, 250040, 240300, 320080, 220140, 314170,
                          251615, 250057, 311380, 210770, 220554, 310925, 260360, 250160,
                          260550, 171790, 260780, 231123, 240010, 311750, 240520, 211065,
                          250760, 240490, 260460, 250690, 311810, 251270, 250153, 311910,
                          230680, 220750, 241360, 221050, 310110, 313090, 260775, 316447,
                          315190, 312247, 313115, 220010, 220990, 171240, 250030, 312590,
                          315895, 260760, 315320, 320313, 210610, 316095, 522000, 250110,
                          314437, 260765, 251140, 320495, 251445, 250620, 230670, 250790,
                          250640, 171420, 211190, 320270, 210592, 520060, 251150, 260620,
                          220630, 171700, 210790, 240380, 320060, 240610, 520400, 250090,
                          313130, 315850, 210970, 250415, 313055, 240130, 241300, 240230,
                          316050, 520530, 251010, 220640, 520800, 241415, 313110, 250510,
                          311940, 250380, 250050, 250535, 251500, 251276, 320250, 251160,
                          251597, 241445, 220260, 316805, 251120, 230070, 251590, 250300,
                          240100, 316480, 210140, 317005, 171620, 220160, 317057, 240500,
                          171510, 250980, 314370, 251600, 230410, 250520, 231140, 320460,
                          220325, 313120, 312385, 314750, 316870, 171195, 316935, 251170,
                          240310, 320316, 250270, 250910, 220030, 250350, 311340
  Coordinates / radius..: (12,532254 S, 40,306995 W) / 820,52 km
  Time frame............: 2014/1/1 to 2019/12/31
  Number of cases.......: 6254
  Expected cases........: 5131,08
  Observed / expected...: 1,22
  Test statistic........: 133,354350
  P-value...............: < 0,00000000000000001

3.Location IDs included.: 354450, 354660, 354610, 355490, 354740, 354720, 353284, 350395,
                          354765, 500100, 354570, 355255, 350260, 355580, 352910, 353520,
                          352044, 354900, 353590, 352965, 352480, 351385, 351420, 311455,
                          355695, 355230, 355530, 353740, 354040, 354025, 351890, 351520,
                          352300, 353475, 350420, 351800, 354920, 351550, 354925, 351690,
                          500780, 352070, 350210, 500630, 313440, 352820, 352960, 354805,
                          313862, 352830, 353690, 353000, 353286, 353210, 355610, 351100,
                          353625, 353010, 351590, 351780, 351680, 352650, 317043, 355710,
                          353330, 351070, 350120, 350280, 353260, 521225, 355630, 352725,
                          353320, 500440, 353100, 355130, 521080, 355520, 316130, 351820,
                          350810, 350180, 354030, 352810, 350620, 500830, 351290, 354440,
                          353160, 354420, 522040, 354930, 350775, 350650, 353990, 355570,
                          353640, 353140, 353960, 353310, 355715, 311110, 355340, 355510,
                          354710, 352600, 350640, 353490, 353270, 352160, 315980, 521130,
                          351250, 351600, 351710, 351650, 350010, 521630, 353500, 354510,
                          353770, 353660, 353250, 350480, 352570, 352740, 520430, 353040,
                          351190, 351440, 353730, 350510, 353480, 312910, 350770, 353540,
                          313340, 354380, 352450, 353420, 353030, 500290, 354840, 353460,
                          351580, 352080, 352115, 355535, 353300, 352890, 352770, 350440,
                          500230, 350110, 520410, 350460, 353280, 354980, 351920, 354085,
                          350335, 352950, 350020, 351512, 353600, 354830, 354470, 354323,
                          353400, 351980, 354160, 520150, 312700, 354080, 354180, 313140,
                          351130, 351750, 521850, 350890, 350580, 354150, 350080, 313420,
                          351720, 353830, 350090, 500020, 354480, 355500, 520915, 351700,
                          354140, 352150, 354460, 350910, 311690, 312710, 351790, 351900,
                          355560, 351940, 352710, 355600, 520993, 520145, 352060, 353390,
                          354770, 500295, 355260, 311260, 352920, 354000, 351730, 354200,
                          350130, 500755, 354120, 351120, 351492, 352885, 354130, 354170,
                          353350, 350880, 354240, 315280, 520505, 353325, 354220, 352560,
                          310980, 352580, 350720, 520425, 351110, 351210, 350930, 353410,
                          311180, 355190, 351495, 352190, 354010, 351810, 352870, 500190,
                          315160, 315070, 353810, 352900, 521300, 500627, 350550, 350240,
                          352790, 353450, 353510, 520350, 350140, 355590, 353570, 311140,
                          522050, 355390, 353150, 520547, 350740, 350370, 353550, 311580,
                          353890, 350470, 351200, 355660, 354560, 521150, 355290, 353900,
                          521190, 353020, 353920, 314280, 351670, 351470, 351530, 521930,
                          521805, 354250, 355690, 500710, 353215, 521880, 351560, 354110,
                          354550, 353220, 310375, 350610, 352270, 352420, 353370, 351740,
                          351990, 521600, 311730, 350400, 352880, 355310, 522155, 351010,
                          351910, 352780, 520910, 351660, 353130, 350430, 350150, 355440,
                          353970, 317110, 500080, 351330, 351565, 351960, 355430, 355320,
                          355365, 412000, 411260, 350980, 355680, 355395, 355370, 411380,
                          411090, 410080, 353715, 412450, 500325, 351450, 352750, 522205,
                          521971, 316960, 412360, 350340, 355550, 410510, 351000, 412050,
                          411830, 355270, 353950, 521210, 352970, 353190, 350600, 352200,
                          410340, 351610, 310070, 352430, 410800, 353530, 355050, 317020,
                          352130, 412640, 354320, 350830, 354650, 351535, 351950, 520390,
                          353290, 411030, 520013, 352930, 351400, 353940, 410590, 412420,
                          500260, 411600, 411640, 410280, 350520, 410920, 521375, 500620,
                          411100, 354020, 351860, 354540, 520740, 411340, 353657, 350730,
                          520050, 412033, 351685, 411810, 354425, 412650, 351519, 354940,
                          317010, 412130, 350560, 353670, 521645, 412390, 410110, 411190,
                          412490, 353430, 350670, 410360, 354640, 355170, 520020, 411360,
                          353205, 354090, 350070, 521380, 353470, 521770, 350300, 352290,
                          352410, 412340, 520735, 412730, 312125, 350680, 500200, 354490,
                          410670, 410370, 351460, 410710, 410270, 411630, 351770, 521310,
                          412840, 410240, 500390, 351015, 410980, 310350, 410810, 520590,
                          410640, 412830, 411270, 352510, 411965, 350320, 521290, 411840,
                          355475, 351885, 350820, 355720, 353360, 411130, 352530, 354370,
                          352010, 410220, 412240, 350745, 354690, 500150, 500270, 350055,
                          411180, 412310, 410115, 521878, 352800, 520995, 521640, 500490,
                          410210, 354340, 410060, 411000, 351430, 353380, 352090, 350170,
                          521170, 351925, 311820, 350630, 411660, 354950, 411710, 410890,
                          510060, 410010, 411500, 313070, 520120, 352540, 352680, 521260,
                          354310, 412270, 314500, 354290, 410190, 411690, 412410, 350530,
                          521810, 500025, 520440, 351310, 411410, 412040, 352000, 350780,
                          411700, 500085, 520660, 352860, 350590, 500600, 355460, 521480,
                          350360, 410150, 412600, 351930, 412180, 520545, 352760, 354270,
                          352980, 412590, 520650, 520450, 412670, 412190, 351410, 355150,
                          521839, 353700, 354360, 411370, 411650, 311500, 411520, 522190,
                          351140, 500797, 353880, 411420, 315770, 411290, 412320, 351320,
                          411350, 520850, 355120, 412625, 355010, 410780, 354105, 354890,
                          410900, 522005, 312480, 351620, 500470, 410090, 521710, 355140,
                          412020, 412430, 410140, 314920, 411721, 411970, 500769, 350790,
                          411280, 521590, 411590, 411800, 411480, 411750, 355090, 412460,
                          520420, 410600, 315640, 411740, 355470, 350100, 412530, 312790,
                          521565, 521160, 410470, 351540, 410380, 350450, 350310, 520260,
                          354625, 521570, 410350, 411210, 353630, 315690, 500750, 410610,
                          313160, 521940, 520920, 311640, 412070, 412555, 355420, 522130,
                          520090, 500345, 412470, 520180, 500625, 351370, 520970, 411240,
                          354700, 412395, 410730, 350750, 410910, 410790, 510030, 520780,
                          354750, 411160, 520460, 412370, 411490, 521920, 352370, 350940,
                          355300, 410320, 352360, 411550, 521550, 314310, 312350, 412660,
                          411729, 411230, 412610, 354760, 411170, 412210, 412330, 412667,
                          312970, 520725, 411110, 500720, 350200, 350500, 314980, 411040,
                          410970, 412290, 520630, 521340, 354790, 316510, 412780, 522150,
                          520005, 410560, 352350, 412260, 412100, 354070, 350230, 411300,
                          412620, 355040, 412690, 500400, 355380, 411310, 410775, 520140,
                          411575, 500510, 311240, 521440, 412720, 521020, 352180, 412580,
                          522010, 351090, 351270, 520330, 410750, 521580, 352280, 411720,
                          350060, 500800, 521910, 355330, 522140, 353610, 412400, 352110,
                          351260, 500730, 313290, 310010, 500790, 410330, 412110, 521740,
                          522180, 354620, 316470, 521030, 310400, 500350, 410725, 520570,
                          353930, 411920, 311510, 500310, 520690, 351170, 410760, 521720,
                          410770, 412850, 353580, 521010, 520235, 520280, 410550, 520510,
                          500380, 354390, 410700, 522026, 410685, 520015, 354630, 500640,
                          350690, 316810, 520870, 520130, 411155, 412500, 522045, 412680,
                          314810, 351230, 353050, 315290, 314320, 520455, 521900, 500840,
                          353870, 354350, 520520, 500330, 352670, 411880, 411342, 520880,
                          520710, 411730, 510670, 312120, 510120, 354670, 411375, 310410,
                          412540, 521200, 411470, 351080, 313375, 520160, 410990, 500570,
                          355465, 354050, 312630, 520760, 520085, 520480, 350220, 410250,
                          521973, 410160, 520393, 520355, 352140, 510719, 410870, 311930,
                          500740, 520310, 500450, 350330, 410170, 351240, 354515, 352640,
                          353750, 312830, 410660, 410855, 412853, 313480, 352170, 412790,
                          520360, 521390, 500370, 520840, 410655, 510040, 411250, 412710,
                          354970, 351850, 521000, 500793, 500348, 352380, 521230, 521450,
                          521520, 521530, 520340, 410430, 314790, 521500, 350030, 522200,
                          354400, 412265, 522119, 411150, 412810, 352690, 500515, 354165,
                          350945, 355360, 352585, 355640, 312950, 316390, 412217, 351160,
                          312870, 521140, 355450, 353090, 316430, 352320, 351220, 316680,
                          520680, 312890, 350800, 352240, 410755, 353070, 410185, 354580,
                          521040, 410165, 312070, 351515, 522060, 351150, 521540, 310760,
                          355080, 412862, 510820, 411007, 411610, 354210, 520485, 351390,
                          500240, 350160, 316220, 521370, 500460, 411220, 412880, 411080,
                          355730, 354910, 313690, 351040, 355400, 350870, 412630, 350380,
                          411200, 351280, 353340, 520110, 500540, 522100, 355385, 315300,
                          520170, 411885, 521950, 314410, 411373, 411450, 521680, 520815,
                          353080, 411727, 314130, 352230, 317060, 350040, 355240, 310190,
                          520890, 350700, 314510, 411510, 410752, 410300, 312860, 351905,
                          351518, 353650, 411940, 353180, 412170, 521056, 410860, 353282,
                          510460, 411890, 411400, 351907, 351490, 354060, 315180, 350075,
                          410347, 521205, 521100, 354810, 350715, 351030, 410440, 352470,
                          354800, 316294, 412535, 352100, 310950, 412135, 500070, 521925,
                          412750, 410070, 314300, 510420, 314800, 310840, 315550, 313710,
                          317100, 521990, 520010, 352260, 510665, 412250, 311150, 316820,
                          411295, 311710, 310260, 310140, 354520, 350950, 510637, 311280,
                          354300, 520960, 411960, 310530, 350290, 352050, 412065, 520929,
                          355110, 521060, 500525, 521220, 500110, 351020, 313490, 313750,
                          353710, 411060, 350535, 410050, 351760, 500430, 410337, 312240,
                          315150, 310200, 410820, 350190, 311030, 311440, 500375, 355220,
                          352390, 521250, 355020, 411573, 355620, 352700, 312990, 500580,
                          355160, 310430, 310510, 352265, 412863, 350050, 354325, 350270,
                          354530, 311430, 352400, 355670, 411680, 410304, 311100, 412800,
                          521180, 311980, 521120, 520030, 500660, 310380, 314340, 315970,
                          410832, 410390, 500060, 410490, 521730, 353120, 355700, 352730,
                          353790, 522170, 353200, 316210, 520753, 314600, 520580, 315920,
                          410465, 316690, 411065, 520620, 354280, 312810, 411275, 312340,
                          350840, 521295, 315340, 510729, 314120, 355495, 352340, 412385,
                          350115, 411670, 411140, 355210, 411050, 521975, 352840, 500568,
                          411780, 352590, 315050, 310160, 412796, 411790, 510810, 500410,
                          353820, 352215, 410200, 313753, 350275, 410105, 520500, 353780,
                          352120, 410045, 313060, 500480, 310910, 313150, 521523, 311130,
                          411005, 312470, 353910, 314700, 313030, 313050, 411325, 521870,
                          355650, 522028, 412740, 520380, 355060, 352520, 316580, 315170,
                          521385, 355350, 412060, 500124, 410520, 350760, 313900, 316660,
                          353680, 310830, 350960, 350920, 314650, 316910, 355180, 522185,
                          411535, 410895, 510180, 354730, 313880, 410880, 410395, 314380,
                          312520, 410335, 410630, 316905, 410345, 351480, 312440, 311160,
                          311790, 510760, 310790, 521860, 410020, 351630, 411990, 352250,
                          412795, 410865, 351970, 316890, 520549, 316557, 350410, 351640,
                          355645, 316230, 355635, 520551, 520215, 500090, 411545, 520540,
                          411010, 410712, 411722, 317075, 350570, 500795, 352500, 311470,
                          350900, 352610, 314720, 311560, 521890, 510100, 310710, 410405,
                          520025, 310420, 312510, 313360, 351060, 351300, 311995, 313530,
                          412220, 312020, 411125, 316980, 510390, 353440, 312610, 521935,
                          315370, 412788, 315250, 521015, 350710, 500315, 412700, 313720,
                          312320, 312450, 311060, 410930, 411585, 352850, 351500, 316740,
                          412085, 520860, 500500, 500220, 412770, 355280, 410940, 410445,
                          521470, 352990, 353860, 354260, 311900, 352220, 352550, 312360,
                          315830, 500560, 353240, 411705, 316440, 314240, 500770, 354995,
                          311990, 411460, 311050, 510700, 410420, 352620, 350925, 350540,
                          310080, 316940, 521486, 311850, 410310, 410425, 351880, 311870,
                          411070, 410975, 310970, 522230, 355030, 311360, 411330, 410480,
                          316200, 351510, 310700, 314640, 411770, 353720, 530010, 521400,
                          411745, 352460, 410040, 316040, 500215, 412865, 353620, 410773,
                          520250, 315960, 354880, 311780, 500635, 411845, 314260, 351380,
                          521090, 314730, 311200, 310740, 352020, 410400, 410580, 317070,
                          350390, 354680, 314890, 310020, 312920, 312740, 412402, 311120,
                          410753, 313630, 410442, 412575, 352310, 410754, 410500, 521560,
                          412010, 352030, 316540, 352330, 510520, 500210, 411020, 412545,
                          351570, 353980, 314460, 310390, 314440, 311090, 352940, 410230,
                          317040, 315100, 412150, 352210, 354870, 522015, 310945, 311190,
                          310890, 314350, 412080, 411915, 314050, 311040, 510740, 353760,
                          316170, 354780, 510628, 313350
  Coordinates / radius..: (20,171775 S, 50,997485 W) / 614,56 km
  Time frame............: 2007/1/1 to 2013/12/31
  Number of cases.......: 3564
  Expected cases........: 2757,93
  Observed / expected...: 1,29
  Test statistic........: 116,671734
  P-value...............: < 0,00000000000000001

4.Location IDs included.: 170388, 172208, 170300, 170210, 171720, 171488
  Coordinates / radius..: (7,191329 S, 48,208705 W) / 52,38 km
  Time frame............: 2007/1/1 to 2013/12/31
  Number of cases.......: 1234
  Expected cases........: 836,77
  Observed / expected...: 1,47
  Test statistic........: 84,186678
  P-value...............: < 0,00000000000000001

5.Location IDs included.: 150613
  Coordinates / radius..: (8,027605 S, 50,029642 W) / 19,11 km
  Time frame............: 2014/1/1 to 2016/12/31
  Number of cases.......: 222
  Expected cases........: 82,84
  Observed / expected...: 2,68
  Test statistic........: 79,932863
  P-value...............: < 0,00000000000000001

6.Location IDs included.: 211172, 210740, 211300, 210870, 210990, 210177, 210040, 210590,
                          210207, 210515, 210850, 211227, 210355, 210120, 210810, 210215,
                          210580, 210690, 211290, 210594, 210250, 210520, 211140, 210570,
                          211150, 210100, 211000, 211223, 210635, 210047, 210830, 210663,
                          210890, 210193, 210043, 210675, 210820, 211280, 210596, 210465,
                          210600, 210400, 210650, 211167, 210070, 210845, 211400, 210270,
                          211163, 210825, 210745, 210360, 210880, 211030, 210560, 210087,
                          210275, 211100, 210540, 210200, 211170, 210232, 211125, 210095,
                          210535, 211102, 211020, 211050, 210380, 210240, 210735, 210760,
                          210450, 210547, 210125, 210930, 211270, 211210, 210135, 210927,
                          210330, 210910, 210160, 210920, 210960, 210840, 210440, 210720,
                          210860, 210203, 210237, 211003, 210975, 210317, 210980, 210110,
                          211230, 210470, 210190, 211130, 211040, 211174, 210637, 211107,
                          210460, 210320, 210020, 210923, 210710, 210312, 211120, 210060,
                          210315, 211070, 210462, 211245, 210750, 210030, 210010, 210510,
                          210945, 210480, 210490, 210173, 210680, 210420, 210542, 210640,
                          210545, 210467
  Coordinates / radius..: (4,035735 S, 45,233630 W) / 228,75 km
  Time frame............: 2014/1/1 to 2019/12/31
  Number of cases.......: 2279
  Expected cases........: 1752,56
  Observed / expected...: 1,30
  Test statistic........: 75,854609
  P-value...............: < 0,00000000000000001

7.Location IDs included.: 315670, 315390, 310620
  Coordinates / radius..: (19,892495 S, 43,825557 W) / 14,09 km
  Time frame............: 2007/1/1 to 2010/12/31
  Number of cases.......: 539
  Expected cases........: 328,02
  Observed / expected...: 1,64
  Test statistic........: 57,276250
  P-value...............: < 0,00000000000000001

8.Location IDs included.: 230765, 230440, 230370
  Coordinates / radius..: (3,736487 S, 38,664018 W) / 16,98 km
  Time frame............: 2007/1/1 to 2013/12/31
  Number of cases.......: 1484
  Expected cases........: 1160,65
  Observed / expected...: 1,28
  Test statistic........: 42,728263
  P-value...............: < 0,00000000000000001
_______________________________________________________________________________________________

PARAMETER SETTINGS

Input
-----
  Case File        : /home/flavia/Projeto Pesquisa/spatio-temporal-analysis-calazar/output/satscan_experiment_data/Cases_BR.cas
  Time Precision   : Year
  Start Time       : 2007/1/1
  End Time         : 2019/12/31
  Coordinates File : /home/flavia/Projeto Pesquisa/spatio-temporal-analysis-calazar/output/satscan_experiment_data/Coordinates_BR.geo
  Grid File        : /home/flavia/Projeto Pesquisa/spatio-temporal-analysis-calazar/output/satscan_experiment_data/Grid_BR.grd
  Coordinates      : Latitude/Longitude

Analysis
--------
  Type of Analysis        : Retrospective Space-Time
  Probability Model       : Space-Time Permutation
  Scan for Areas with     : High Rates
  Time Aggregation Units  : Year
  Time Aggregation Length : 3

Output
------
  Main Results File       : /home/flavia/Projeto Pesquisa/spatio-temporal-analysis-calazar/output/satscan_experiment_data/results_BR/space-time-permutation/COM_GRID/results.txt
  Cluster File            : /home/flavia/Projeto Pesquisa/spatio-temporal-analysis-calazar/output/satscan_experiment_data/results_BR/space-time-permutation/COM_GRID/results.col.txt
  Google Earth File       : /home/flavia/Projeto Pesquisa/spatio-temporal-analysis-calazar/output/satscan_experiment_data/results_BR/space-time-permutation/COM_GRID/results.kml
  Google Maps File        : /home/flavia/Projeto Pesquisa/spatio-temporal-analysis-calazar/output/satscan_experiment_data/results_BR/space-time-permutation/COM_GRID/results.clustermap.html
  Shapefile (Cluster)     : /home/flavia/Projeto Pesquisa/spatio-temporal-analysis-calazar/output/satscan_experiment_data/results_BR/space-time-permutation/COM_GRID/results.clustermap.col.shp
  Cartesian Graph File    : /home/flavia/Projeto Pesquisa/spatio-temporal-analysis-calazar/output/satscan_experiment_data/results_BR/space-time-permutation/COM_GRID/results.cluster.html
  Cluster File            : /home/flavia/Projeto Pesquisa/spatio-temporal-analysis-calazar/output/satscan_experiment_data/results_BR/space-time-permutation/COM_GRID/results.cluster.col.dbf
  Stratified Cluster File : /home/flavia/Projeto Pesquisa/spatio-temporal-analysis-calazar/output/satscan_experiment_data/results_BR/space-time-permutation/COM_GRID/results.cluster.sci.txt
  Location File           : /home/flavia/Projeto Pesquisa/spatio-temporal-analysis-calazar/output/satscan_experiment_data/results_BR/space-time-permutation/COM_GRID/results.cluster.gis.txt
  Location File           : /home/flavia/Projeto Pesquisa/spatio-temporal-analysis-calazar/output/satscan_experiment_data/results_BR/space-time-permutation/COM_GRID/results.cluster.gis.dbf
  Shapefile (Locations)   : /home/flavia/Projeto Pesquisa/spatio-temporal-analysis-calazar/output/satscan_experiment_data/results_BR/space-time-permutation/COM_GRID/results.cluster.gis.shp
  Simulated LLRs File     : /home/flavia/Projeto Pesquisa/spatio-temporal-analysis-calazar/output/satscan_experiment_data/results_BR/space-time-permutation/COM_GRID/results.cluster.llr.txt

Data Checking
-------------
  Temporal Data Check     : Check to ensure that all cases and controls are within the specified temporal study period.
  Geographical Data Check : Check to ensure that all observations (cases, controls and populations) are within the specified geographical area.

Spatial Neighbors
-----------------
  Use Non-Euclidean Neighbors file : No
  Use Meta Locations File          : No
  Multiple Coordinates Type        : Allow only one set of coordinates per location ID.

Locations Network
-----------------
  Use Locations Network File : No
  Locations Network File     : 
  Locations Network Purpose  : Network Definition

Spatial Window
--------------
  Maximum Spatial Cluster Size : 50 percent of population at risk
  Window Shape                 : Circular

Temporal Window
---------------
  Minimum Temporal Cluster Size : 1 Year
  Maximum Temporal Cluster Size : 50 percent of study period

Cluster Restrictions
--------------------
  Minimum Cases in Cluster for High Rates : 2
  Restrict High Rate Clusters             : No

Space And Time Adjustments
--------------------------
  Adjust for Weekly Trends, Nonparametric : No

Inference
---------
  P-Value Reporting                  : Default Combination
  Number of Replications             : 999
  Adjusting for More Likely Clusters : No

Cluster Drilldown
-----------------
  Standard Drilldown on Detected Clusters  : No
  Bernoulli Drilldown on Detected Clusters : No

Spatial Output
--------------
  Automatically Launch Map                  : Yes
  Compress KML File into KMZ File           : No
  Include All Location IDs in the Clusters  : Yes
  Cluster Location Threshold - Separate KML : 1000
  Report Hierarchical Clusters              : Yes
  Criteria for Reporting Secondary Clusters : No Geographical Overlap
  Restrict Reporting to Smaller Clusters    : No

Temporal Graphs
---------------
  Produce Temporal Graphs : No

Other Output
------------
  Report Critical Values     : No
  Report Monte Carlo Rank    : No
  Print ASCII Column Headers : No

Run Options
-----------
  Processor Usage   : All Available Processors
  Suppress Warnings : No
  Logging Analysis  : No
_______________________________________________________________________________________________

Program completed  : Sat Sep  4 13:37:26 2021
Total Running Time : 6 minutes 47 seconds
Processor Usage    : 8 processors