150553                          1                   1e-17               657                 276,38              2,38                142                 49,50               2,87                -6,151734           -50,489772          F 
150215                          1                   1e-17               657                 276,38              2,38                69                  24,12               2,86                -6,424206           -50,085674          F 
150034                          1                   1e-17               657                 276,38              2,38                0                   0,32                0                   -6,772979           -50,430155          F 
150420                          1                   1e-17               657                 276,38              2,38                154                 95,51               1,61                -5,629800           -50,016960          F 
150277                          1                   1e-17               657                 276,38              2,38                25                  8,25                3,03                -6,228930           -49,624611          F 
150808                          1                   1e-17               657                 276,38              2,38                2                   2,22                0,90                -6,820196           -51,391386          F 
150840                          1                   1e-17               657                 276,38              2,38                36                  13,64               2,64                -6,917778           -49,635269          F 
150775                          1                   1e-17               657                 276,38              2,38                0                   0,95                0                   -6,838887           -49,569770          F 
150370                          1                   1e-17               657                 276,38              2,38                6                   2,22                2,70                -5,114824           -49,869706          F 
150295                          1                   1e-17               657                 276,38              2,38                148                 48,23               3,07                -6,069645           -49,245435          F 
150616                          1                   1e-17               657                 276,38              2,38                15                  4,76                3,15                -7,340633           -49,895143          F 
150125                          1                   1e-17               657                 276,38              2,38                2                   0,95                2,10                -7,486384           -50,634416          F 
150563                          1                   1e-17               657                 276,38              2,38                6                   2,86                2,10                -6,541035           -49,011769          F 
150555                          1                   1e-17               657                 276,38              2,38                14                  5,71                2,45                -7,736975           -50,123622          F 
150543                          1                   1e-17               657                 276,38              2,38                6                   2,86                2,10                -7,520545           -51,430936          F 
150506                          1                   1e-17               657                 276,38              2,38                14                  7,62                1,84                -4,502843           -50,271610          F 
150304                          1                   1e-17               657                 276,38              2,38                18                  6,66                2,70                -7,548323           -49,576031          F 
150330                          2                   1e-17               1429                1010,51             1,41                108                 81,66               1,32                -2,062706           -49,130745          F 
150400                          2                   1e-17               1429                1010,51             1,41                3                   3,89                0,77                -1,864269           -49,469137          F 
150010                          2                   1e-17               1429                1010,51             1,41                76                  52,01               1,46                -1,730257           -48,883069          F 
150210                          2                   1e-17               1429                1010,51             1,41                212                 147,76              1,43                -2,253062           -49,513572          F 
150460                          2                   1e-17               1429                1010,51             1,41                40                  30,14               1,33                -2,576689           -49,466382          F 
150470                          2                   1e-17               1429                1010,51             1,41                127                 92,35               1,38                -2,683911           -49,074042          F 
150020                          2                   1e-17               1429                1010,51             1,41                93                  70,48               1,32                -2,035386           -48,411450          F 
150490                          2                   1e-17               1429                1010,51             1,41                2                   1,46                1,37                -1,355675           -49,309250          F 
150130                          2                   1e-17               1429                1010,51             1,41                120                 69,99               1,71                -1,498618           -48,634231          F 
150520                          2                   1e-17               1429                1010,51             1,41                69                  55,90               1,23                -2,278919           -49,902330          F 
150770                          2                   1e-17               1429                1010,51             1,41                1                   0,49                2,06                -1,434118           -49,680283          F 
150795                          2                   1e-17               1429                1010,51             1,41                36                  26,73               1,35                -2,907819           -48,736701          F 
150570                          2                   1e-17               1429                1010,51             1,41                13                  12,15               1,07                -1,117508           -49,077282          F 
150280                          2                   1e-17               1429                1010,51             1,41                1                   0,49                2,06                -1,583462           -49,988034          F 
150800                          2                   1e-17               1429                1010,51             1,41                148                 105,47              1,40                -2,636126           -48,267625          F 
150080                          2                   1e-17               1429                1010,51             1,41                8                   4,86                1,65                -1,334077           -48,383544          F 
150442                          2                   1e-17               1429                1010,51             1,41                4                   2,43                1,65                -1,397450           -48,319790          F 
150140                          2                   1e-17               1429                1010,51             1,41                8                   8,75                0,91                -1,240719           -48,459911          F 
150110                          2                   1e-17               1429                1010,51             1,41                1                   1,46                0,69                -2,373143           -50,181767          F 
150150                          2                   1e-17               1429                1010,51             1,41                1                   0,97                1,03                -1,339618           -48,275620          F 
150190                          2                   1e-17               1429                1010,51             1,41                102                 64,65               1,58                -1,632969           -48,089877          F 
150275                          2                   1e-17               1429                1010,51             1,41                30                  20,90               1,44                -1,881720           -47,974657          F 
150120                          2                   1e-17               1429                1010,51             1,41                44                  29,65               1,48                -3,129827           -49,698980          F 
150200                          2                   1e-17               1429                1010,51             1,41                7                   5,83                1,20                -0,869424           -48,877241          F 
150650                          2                   1e-17               1429                1010,51             1,41                3                   2,92                1,03                -1,365207           -48,129307          F 
150635                          2                   1e-17               1429                1010,51             1,41                0                   0,49                0                   -1,194336           -48,250517          F 
150340                          2                   1e-17               1429                1010,51             1,41                1                   0,49                2,06                -1,464677           -47,922670          F 
150700                          2                   1e-17               1429                1010,51             1,41                0                   0                   0                   -1,093256           -48,182765          F 
150630                          2                   1e-17               1429                1010,51             1,41                36                  20,41               1,76                -0,796624           -48,629984          F 
150720                          2                   1e-17               1429                1010,51             1,41                67                  52,01               1,29                -1,882565           -47,771487          F 
150095                          2                   1e-17               1429                1010,51             1,41                28                  16,53               1,69                -2,231179           -47,726353          F 
150260                          2                   1e-17               1429                1010,51             1,41                1                   0,49                2,06                -0,935846           -48,273719          F 
150345                          2                   1e-17               1429                1010,51             1,41                9                   7,29                1,23                -2,805778           -47,921546          F 
150240                          2                   1e-17               1429                1010,51             1,41                2                   2,92                0,69                -1,268515           -47,876981          F 
150070                          2                   1e-17               1429                1010,51             1,41                5                   2,43                2,06                -0,827133           -49,961391          F 
150640                          2                   1e-17               1429                1010,51             1,41                1                   0,49                2,06                -0,583350           -49,313859          F 
150820                          2                   1e-17               1429                1010,51             1,41                1                   0,49                2,06                -0,933415           -48,104929          F 
150760                          2                   1e-17               1429                1010,51             1,41                8                   5,35                1,50                -1,551532           -47,610773          F 
150405                          2                   1e-17               1429                1010,51             1,41                11                  6,80                1,62                -1,991013           -47,512783          F 
150740                          2                   1e-17               1429                1010,51             1,41                1                   0,49                2,06                -1,206000           -47,746844          F 
150710                          2                   1e-17               1429                1010,51             1,41                1                   0,49                2,06                -0,864925           -48,025733          F 
