150010                          107                 132,04              0,81                0,81                
150013                          0                   6,34                0                   0                   
150020                          145                 47,69               3,04                3,06                
150030                          0                   32,42               0                   0                   
150034                          1                   24,43               0,041               0,041               
150040                          4                   49,30               0,081               0,081               
150050                          1                   29,78               0,034               0,034               
150060                          5                   94,67               0,053               0,052               
150070                          5                   24,30               0,21                0,21                
150080                          10                  450,77              0,022               0,022               
150085                          5                   21,06               0,24                0,24                
150090                          1                   38,02               0,026               0,026               
150095                          34                  24,72               1,38                1,38                
150100                          1                   15,18               0,066               0,066               
150110                          3                   23,21               0,13                0,13                
150120                          61                  35,29               1,73                1,73                
150125                          3                   3,11                0,96                0,96                
150130                          144                 97,10               1,48                1,49                
150140                          18                  1293,17             0,014               0,013               
150145                          11                  14,43               0,76                0,76                
150150                          2                   49,34               0,041               0,040               
150157                          6                   13,98               0,43                0,43                
150160                          0                   12,87               0                   0                   
150170                          2                   105,42              0,019               0,019               
150172                          0                   14,89               0                   0                   
150175                          5                   6,63                0,75                0,75                
150178                          17                  51,89               0,33                0,33                
150180                          2                   88,19               0,023               0,023               
150190                          133                 23,86               5,57                5,62                
150195                          0                   24,99               0                   0                   
150200                          12                  19,50               0,62                0,62                
150210                          304                 113,66              2,67                2,71                
150215                          76                  27,90               2,72                2,73                
150220                          2                   59,03               0,034               0,034               
150230                          10                  47,45               0,21                0,21                
150240                          6                   162,85              0,037               0,036               
150250                          0                   19,70               0                   0                   
150260                          1                   10,44               0,096               0,096               
150270                          248                 41,89               5,92                6,01                
150275                          43                  26,00               1,65                1,66                
150276                          3                   10,74               0,28                0,28                
150277                          26                  16,15               1,61                1,61                
150280                          1                   27,52               0,036               0,036               
150285                          0                   11,88               0                   0                   
150290                          0                   33,27               0                   0                   
150293                          24                  46,71               0,51                0,51                
150295                          152                 28,69               5,30                5,34                
150300                          1                   9,07                0,11                0,11                
150304                          21                  16,43               1,28                1,28                
150307                          49                  22,85               2,14                2,15                
150309                          5                   31,33               0,16                0,16                
150310                          0                   26,92               0                   0                   
150320                          5                   33,04               0,15                0,15                
150330                          168                 53,42               3,14                3,17                
150340                          1                   9,66                0,10                0,10                
150345                          15                  48,67               0,31                0,31                
150350                          4                   28,32               0,14                0,14                
150360                          2                   94,19               0,021               0,021               
150370                          7                   44,74               0,16                0,16                
150375                          0                   26,30               0                   0                   
150380                          5                   49,65               0,10                0,10                
150390                          10                  43,96               0,23                0,23                
150400                          8                   23,81               0,34                0,34                
150405                          14                  25,97               0,54                0,54                
150410                          0                   7,37                0                   0                   
150420                          301                 220,46              1,37                1,37                
150430                          0                   25,97               0                   0                   
150440                          0                   24,69               0                   0                   
150442                          5                   104,07              0,048               0,048               
150445                          2                   25,34               0,079               0,079               
150450                          1                   21,90               0,046               0,046               
150460                          62                  25,15               2,47                2,47                
150470                          190                 66,79               2,84                2,87                
150475                          0                   14,01               0                   0                   
150480                          11                  52,22               0,21                0,21                
150490                          3                   32,18               0,093               0,093               
150495                          10                  19,19               0,52                0,52                
150497                          5                   13,93               0,36                0,36                
150500                          1                   12,66               0,079               0,079               
150503                          1                   22,02               0,045               0,045               
150506                          24                  59,44               0,40                0,40                
150510                          0                   44,96               0                   0                   
150520                          115                 26,68               4,31                4,34                
150530                          0                   59,19               0                   0                   
150540                          0                   15,06               0                   0                   
150543                          9                   25,37               0,35                0,35                
150548                          4                   38,97               0,10                0,10                
150549                          6                   6,69                0,90                0,90                
150550                          32                  93,03               0,34                0,34                
150553                          156                 157,52              0,99                0,99                
150555                          18                  5,28                3,41                3,41                
150560                          0                   7,12                0                   0                   
150563                          9                   11,54               0,78                0,78                
150565                          2                   23,20               0,086               0,086               
150570                          25                  25,21               0,99                0,99                
150580                          2                   49,69               0,040               0,040               
150590                          0                   31,92               0                   0                   
150600                          2                   25,90               0,077               0,077               
150610                          0                   9,52                0                   0                   
150611                          0                   11,73               0                   0                   
150613                          374                 69,37               5,39                5,51                
150616                          15                  15,96               0,94                0,94                
150618                          3                   44,13               0,068               0,068               
150619                          2                   38,95               0,051               0,051               
150620                          0                   34,99               0                   0                   
150630                          42                  18,98               2,21                2,22                
150635                          1                   16,34               0,061               0,061               
150640                          1                   7,67                0,13                0,13                
150650                          6                   56,63               0,11                0,11                
150655                          1                   17,33               0,058               0,058               
150658                          14                  17,06               0,82                0,82                
150660                          2                   21,30               0,094               0,094               
150670                          11                  56,16               0,20                0,20                
150680                          117                 261,56              0,45                0,44                
150690                          0                   5,74                0                   0                   
150700                          0                   25,66               0                   0                   
150710                          1                   15,52               0,064               0,064               
150715                          32                  21,38               1,50                1,50                
150720                          107                 27,11               3,95                3,97                
150730                          14                  90,91               0,15                0,15                
150740                          1                   13,16               0,076               0,076               
150745                          90                  22,49               4,00                4,02                
150746                          0                   4,99                0                   0                   
150747                          0                   19,21               0                   0                   
150750                          8                   11,84               0,68                0,68                
150760                          11                  47,58               0,23                0,23                
150770                          1                   21,67               0,046               0,046               
150775                          3                   4,94                0,61                0,61                
150780                          0                   11,40               0                   0                   
150790                          7                   21,34               0,33                0,33                
150795                          55                  79,68               0,69                0,69                
150796                          0                   9,77                0                   0                   
150797                          1                   15,65               0,064               0,064               
150800                          217                 51,61               4,20                4,25                
150803                          0                   25,91               0                   0                   
150805                          1                   15,92               0,063               0,063               
150808                          7                   31,19               0,22                0,22                
150810                          15                  92,74               0,16                0,16                
150812                          7                   43,26               0,16                0,16                
150815                          2                   41,76               0,048               0,048               
150820                          1                   44,64               0,022               0,022               
150830                          0                   52,21               0                   0                   
150835                          2                   11,94               0,17                0,17                
150840                          43                  37,81               1,14                1,14                
170025                          4                   2,21                1,81                1,81                
170030                          24                  5,01                4,79                4,79                
170035                          2                   5,07                0,39                0,39                
170040                          4                   6,70                0,60                0,60                
170070                          1                   7,55                0,13                0,13                
170100                          48                  8,76                5,48                5,49                
170105                          3                   2,99                1,00                1,00                
170110                          1                   4,01                0,25                0,25                
170130                          15                  5,22                2,87                2,87                
170190                          20                  5,84                3,43                3,43                
170200                          2                   7,95                0,25                0,25                
170210                          1339                140,29              9,54                10,41               
170215                          22                  4,83                4,56                4,56                
170220                          162                 28,96               5,59                5,65                
170230                          17                  6,13                2,77                2,78                
170240                          15                  9,66                1,55                1,55                
170255                          45                  15,17               2,97                2,97                
170270                          2                   3,24                0,62                0,62                
170290                          21                  8,54                2,46                2,46                
170300                          30                  9,57                3,13                3,14                
170305                          12                  2,91                4,12                4,13                
170307                          4                   3,81                1,05                1,05                
170310                          5                   4,93                1,01                1,01                
170320                          1                   4,07                0,25                0,25                
170330                          4                   3,61                1,11                1,11                
170360                          1                   1,94                0,51                0,51                
170370                          4                   4,86                0,82                0,82                
170380                          41                  9,12                4,50                4,51                
170382                          7                   2,01                3,49                3,49                
170384                          7                   8,01                0,87                0,87                
170386                          1                   3,61                0,28                0,28                
170388                          36                  2,20                16,33               16,37               
170389                          11                  3,42                3,21                3,21                
170390                          0                   4,48                0                   0                   
170410                          2                   2,42                0,83                0,83                
170460                          3                   1,22                2,46                2,46                
170510                          6                   3,09                1,94                1,94                
170550                          105                 29,42               3,57                3,59                
170555                          2                   4,37                0,46                0,46                
170560                          14                  3,83                3,65                3,66                
170600                          19                  4,75                4,00                4,01                
170610                          16                  6,45                2,48                2,48                
170625                          1                   1,42                0,71                0,71                
170650                          23                  5,07                4,54                4,54                
170700                          22                  18,39               1,20                1,20                
170710                          6                   5,99                1,00                1,00                
170720                          15                  6,51                2,30                2,30                
170730                          1                   4,19                0,24                0,24                
170740                          10                  8,89                1,13                1,13                
170755                          6                   3,52                1,71                1,71                
170765                          0                   4,72                0                   0                   
170770                          19                  7,72                2,46                2,46                
170820                          6                   16,75               0,36                0,36                
170825                          0                   2,20                0                   0                   
170830                          14                  4,63                3,02                3,02                
170900                          16                  11,24               1,42                1,42                
170930                          32                  21,78               1,47                1,47                
170950                          81                  72,33               1,12                1,12                
170980                          0                   1,64                0                   0                   
171050                          7                   6,43                1,09                1,09                
171070                          13                  5,44                2,39                2,39                
171090                          1                   3,28                0,30                0,30                
171110                          5                   2,34                2,14                2,14                
171150                          3                   3,38                0,89                0,89                
171180                          17                  2,00                8,51                8,52                
171190                          1                   10,00               0,100               0,100               
171195                          3                   3,42                0,88                0,88                
171200                          4                   2,52                1,59                1,59                
171215                          0                   1,57                0                   0                   
171240                          11                  3,38                3,26                3,26                
171245                          2                   2,60                0,77                0,77                
171250                          1                   4,29                0,23                0,23                
171270                          2                   2,08                0,96                0,96                
171280                          8                   2,98                2,69                2,69                
171320                          68                  17,74               3,83                3,85                
171330                          18                  11,62               1,55                1,55                
171360                          8                   6,49                1,23                1,23                
171370                          3                   1,92                1,56                1,56                
171380                          9                   5,30                1,70                1,70                
171395                          7                   2,95                2,37                2,37                
171420                          18                  8,31                2,17                2,17                
171430                          3                   3,85                0,78                0,78                
171488                          60                  10,11               5,94                5,96                
171500                          0                   3,61                0                   0                   
171510                          3                   3,64                0,83                0,83                
171515                          0                   1,99                0                   0                   
171525                          1                   2,33                0,43                0,43                
171550                          1                   0,98                1,02                1,02                
171570                          5                   4,84                1,03                1,03                
171575                          0                   6,97                0                   0                   
171610                          165                 42,03               3,93                3,96                
171620                          7                   9,49                0,74                0,74                
171630                          16                  4,31                3,71                3,71                
171650                          9                   10,98               0,82                0,82                
171660                          2                   9,59                0,21                0,21                
171665                          26                  4,70                5,53                5,54                
171670                          48                  7,73                6,21                6,23                
171700                          4                   4,06                0,99                0,99                
171720                          9                   2,72                3,31                3,31                
171750                          5                   6,38                0,78                0,78                
171780                          3                   4,16                0,72                0,72                
171790                          5                   6,72                0,74                0,74                
171800                          0                   2,68                0                   0                   
171820                          170                 45,32               3,75                3,78                
171830                          16                  7,12                2,25                2,25                
171840                          3                   3,35                0,89                0,89                
171845                          3                   2,23                1,35                1,35                
171850                          9                   3,60                2,50                2,50                
171855                          9                   3,87                2,33                2,33                
171865                          0                   1,65                0                   0                   
171870                          0                   2,33                0                   0                   
171875                          3                   5,76                0,52                0,52                
171880                          18                  3,78                4,76                4,76                
171884                          0                   3,07                0                   0                   
171886                          38                  6,12                6,21                6,22                
171888                          1                   2,78                0,36                0,36                
171889                          2                   2,05                0,97                0,97                
171890                          3                   4,22                0,71                0,71                
171900                          3                   2,37                1,26                1,26                
172000                          3                   2,23                1,34                1,34                
172010                          10                  4,42                2,26                2,26                
172015                          2                   1,36                1,47                1,47                
172020                          19                  10,09               1,88                1,88                
172025                          2                   2,74                0,73                0,73                
172030                          2                   4,08                0,49                0,49                
172049                          2                   3,95                0,51                0,51                
172065                          9                   4,75                1,90                1,90                
172080                          20                  8,33                2,40                2,40                
172085                          1                   1,65                0,61                0,61                
172090                          13                  14,09               0,92                0,92                
172093                          0                   1,84                0                   0                   
172097                          1                   2,42                0,41                0,41                
172100                          364                 222,63              1,64                1,65                
172110                          17                  6,40                2,65                2,66                
172120                          89                  20,41               4,36                4,38                
172125                          2                   1,51                1,32                1,32                
172130                          0                   2,10                0                   0                   
172208                          40                  9,89                4,04                4,05                
172210                          33                  10,34               3,19                3,20                
210005                          181                 96,12               1,88                1,89                
210010                          3                   5,56                0,54                0,54                
210015                          2                   10,95               0,18                0,18                
210020                          21                  19,61               1,07                1,07                
210030                          46                  22,29               2,06                2,07                
210040                          3                   8,66                0,35                0,35                
210043                          41                  22,75               1,80                1,80                
210047                          5                   28,55               0,18                0,17                
210050                          2                   9,78                0,20                0,20                
210055                          1                   5,98                0,17                0,17                
210060                          79                  35,34               2,24                2,24                
210070                          2                   23,46               0,085               0,085               
210080                          6                   13,11               0,46                0,46                
210083                          1                   14,60               0,069               0,068               
210087                          12                  12,21               0,98                0,98                
210090                          8                   39,08               0,20                0,20                
210095                          18                  27,98               0,64                0,64                
210100                          4                   26,12               0,15                0,15                
210110                          5                   11,24               0,44                0,44                
210120                          74                  91,25               0,81                0,81                
210125                          37                  14,40               2,57                2,57                
210130                          5                   15,50               0,32                0,32                
210135                          0                   4,96                0                   0                   
210140                          130                 79,66               1,63                1,64                
210150                          28                  16,19               1,73                1,73                
210160                          248                 76,13               3,26                3,30                
210170                          29                  51,59               0,56                0,56                
210173                          1                   6,17                0,16                0,16                
210177                          11                  9,69                1,14                1,14                
210180                          1                   4,98                0,20                0,20                
210190                          3                   18,88               0,16                0,16                
210193                          3                   5,44                0,55                0,55                
210197                          0                   7,68                0                   0                   
210200                          14                  36,07               0,39                0,39                
210203                          41                  27,31               1,50                1,50                
210207                          4                   13,62               0,29                0,29                
210210                          15                  30,97               0,48                0,48                
210215                          3                   6,50                0,46                0,46                
210220                          20                  24,72               0,81                0,81                
210230                          70                  20,93               3,34                3,36                
210232                          55                  61,33               0,90                0,90                
210235                          19                  13,42               1,42                1,42                
210237                          1                   8,02                0,12                0,12                
210240                          3                   9,68                0,31                0,31                
210250                          2                   15,81               0,13                0,13                
210255                          10                  12,26               0,82                0,82                
210260                          1                   17,57               0,057               0,057               
210270                          27                  18,79               1,44                1,44                
210275                          11                  9,66                1,14                1,14                
210280                          27                  21,82               1,24                1,24                
210290                          1                   20,29               0,049               0,049               
210300                          358                 141,65              2,53                2,57                
210310                          12                  9,34                1,28                1,28                
210312                          0                   7,67                0                   0                   
210315                          1                   10,38               0,096               0,096               
210317                          2                   17,44               0,11                0,11                
210320                          145                 67,79               2,14                2,15                
210325                          5                   12,51               0,40                0,40                
210330                          300                 106,83              2,81                2,85                
210340                          189                 42,75               4,42                4,47                
210350                          106                 35,43               2,99                3,01                
210355                          0                   13,78               0                   0                   
210360                          94                  56,99               1,65                1,65                
210370                          8                   29,25               0,27                0,27                
210375                          15                  11,29               1,33                1,33                
210380                          36                  20,45               1,76                1,76                
210390                          30                  9,86                3,04                3,05                
210400                          34                  15,97               2,13                2,13                
210405                          44                  33,15               1,33                1,33                
210407                          1                   7,39                0,14                0,14                
210408                          5                   8,63                0,58                0,58                
210409                          6                   16,36               0,37                0,37                
210410                          4                   11,01               0,36                0,36                
210420                          17                  13,66               1,24                1,24                
210430                          1                   10,06               0,099               0,099               
210440                          13                  15,71               0,83                0,83                
210450                          22                  9,42                2,33                2,34                
210455                          60                  15,07               3,98                3,99                
210460                          17                  14,76               1,15                1,15                
210462                          4                   6,73                0,59                0,59                
210465                          6                   9,53                0,63                0,63                
210467                          5                   22,61               0,22                0,22                
210470                          1                   5,60                0,18                0,18                
210480                          149                 57,67               2,58                2,60                
210490                          8                   10,90               0,73                0,73                
210500                          7                   24,37               0,29                0,29                
210510                          4                   23,42               0,17                0,17                
210515                          14                  11,89               1,18                1,18                
210520                          12                  10,15               1,18                1,18                
210530                          284                 224,05              1,27                1,27                
210535                          8                   13,00               0,62                0,61                
210540                          137                 57,17               2,40                2,41                
210542                          4                   22,97               0,17                0,17                
210545                          4                   8,41                0,48                0,48                
210547                          23                  14,27               1,61                1,61                
210550                          50                  20,24               2,47                2,48                
210560                          15                  14,28               1,05                1,05                
210565                          1                   3,32                0,30                0,30                
210570                          47                  42,71               1,10                1,10                
210580                          0                   9,42                0                   0                   
210590                          12                  14,09               0,85                0,85                
210592                          4                   9,83                0,41                0,41                
210594                          2                   7,51                0,27                0,27                
210596                          2                   10,08               0,20                0,20                
210598                          3                   6,47                0,46                0,46                
210600                          22                  10,49               2,10                2,10                
210610                          1                   10,38               0,096               0,096               
210620                          0                   6,11                0                   0                   
210630                          2                   16,17               0,12                0,12                
210632                          7                   17,98               0,39                0,39                
210635                          2                   6,81                0,29                0,29                
210637                          6                   13,20               0,45                0,45                
210640                          8                   14,15               0,57                0,57                
210650                          0                   20,08               0                   0                   
210660                          95                  28,67               3,31                3,33                
210663                          8                   13,14               0,61                0,61                
210667                          1                   7,36                0,14                0,14                
210670                          11                  18,44               0,60                0,60                
210675                          46                  22,42               2,05                2,05                
210680                          2                   13,05               0,15                0,15                
210690                          20                  28,46               0,70                0,70                
210700                          7                   8,21                0,85                0,85                
210710                          10                  16,65               0,60                0,60                
210720                          7                   11,64               0,60                0,60                
210725                          0                   4,63                0                   0                   
210730                          0                   4,24                0                   0                   
210735                          10                  17,64               0,57                0,57                
210740                          8                   16,88               0,47                0,47                
210745                          0                   12,35               0                   0                   
210750                          97                  101,14              0,96                0,96                
210760                          2                   17,20               0,12                0,12                
210770                          24                  18,56               1,29                1,29                
210780                          62                  31,25               1,98                1,99                
210790                          38                  16,40               2,32                2,32                
210800                          15                  16,81               0,89                0,89                
210805                          8                   13,42               0,60                0,60                
210810                          17                  17,67               0,96                0,96                
210820                          63                  35,08               1,80                1,80                
210825                          2                   21,40               0,093               0,093               
210830                          2                   32,67               0,061               0,061               
210840                          0                   12,31               0                   0                   
210845                          26                  19,49               1,33                1,33                
210850                          12                  28,84               0,42                0,42                
210860                          4                   71,95               0,056               0,055               
210870                          11                  19,48               0,56                0,56                
210880                          20                  15,72               1,27                1,27                
210890                          7                   16,02               0,44                0,44                
210900                          79                  19,89               3,97                3,99                
210905                          0                   5,59                0                   0                   
210910                          37                  40,67               0,91                0,91                
210920                          6                   11,00               0,55                0,55                
210923                          1                   5,98                0,17                0,17                
210927                          1                   15,95               0,063               0,063               
210930                          6                   9,81                0,61                0,61                
210940                          1                   12,78               0,078               0,078               
210945                          37                  25,37               1,46                1,46                
210950                          50                  18,34               2,73                2,73                
210955                          11                  6,78                1,62                1,62                
210960                          71                  36,77               1,93                1,94                
210970                          2                   5,09                0,39                0,39                
210975                          0                   6,37                0                   0                   
210980                          1                   35,61               0,028               0,028               
210990                          109                 75,21               1,45                1,45                
211000                          65                  65,26               1,00                1,00                
211003                          7                   20,88               0,34                0,33                
211010                          6                   24,33               0,25                0,25                
211020                          51                  31,20               1,63                1,64                
211023                          1                   11,09               0,090               0,090               
211027                          6                   12,83               0,47                0,47                
211030                          22                  12,95               1,70                1,70                
211040                          5                   16,29               0,31                0,31                
211050                          1                   38,32               0,026               0,026               
211060                          5                   24,58               0,20                0,20                
211065                          3                   6,47                0,46                0,46                
211070                          44                  30,36               1,45                1,45                
211080                          0                   4,10                0                   0                   
211085                          4                   9,57                0,42                0,42                
211090                          3                   11,36               0,26                0,26                
211100                          4                   17,87               0,22                0,22                
211102                          0                   13,19               0                   0                   
211105                          12                  10,00               1,20                1,20                
211107                          45                  15,99               2,81                2,82                
211110                          44                  22,58               1,95                1,95                
211120                          176                 147,44              1,19                1,20                
211125                          3                   6,76                0,44                0,44                
211130                          524                 941,90              0,56                0,54                
211140                          37                  17,40               2,13                2,13                
211150                          68                  36,11               1,88                1,89                
211153                          12                  10,94               1,10                1,10                
211157                          0                   4,01                0                   0                   
211160                          6                   16,06               0,37                0,37                
211163                          2                   4,72                0,42                0,42                
211167                          4                   5,52                0,73                0,72                
211170                          1                   18,96               0,053               0,053               
211172                          3                   10,93               0,27                0,27                
211174                          23                  9,39                2,45                2,45                
211176                          26                  14,25               1,82                1,83                
211178                          1                   9,70                0,10                0,10                
211180                          11                  15,49               0,71                0,71                
211190                          5                   9,44                0,53                0,53                
211195                          5                   4,77                1,05                1,05                
211200                          0                   7,11                0                   0                   
211210                          54                  25,31               2,13                2,14                
211220                          224                 144,02              1,56                1,56                
211223                          15                  18,14               0,83                0,83                
211227                          1                   5,13                0,19                0,19                
211230                          23                  36,24               0,63                0,63                
211240                          4                   31,01               0,13                0,13                
211245                          3                   21,30               0,14                0,14                
211250                          43                  49,00               0,88                0,88                
211260                          17                  25,60               0,66                0,66                
211270                          48                  46,55               1,03                1,03                
211280                          1                   45,50               0,022               0,022               
211285                          8                   10,60               0,75                0,75                
211290                          11                  28,75               0,38                0,38                
211300                          14                  28,09               0,50                0,50                
211400                          67                  44,68               1,50                1,50                
