1                   170320                          -7,868512           -48,899054          108,57              2007/1/1          2013/12/31        23                  2295,401458         1e-17               1576                156,24              10,09               11,19               342901,52           F 
2                   150795                          -2,937080           -48,951282          99,19               2007/1/1          2013/12/31        7                   372,920640          1e-17               715                 212,94              3,36                3,48                472163,78           F 
3                   210300                          -4,861675           -43,358539          82,30               2007/1/1          2013/12/31        9                   328,728068          1e-17               782                 270,10              2,90                3,00                573731,17           F 
4                   150020                          -1,963436           -48,200456          60,47               2007/1/1          2013/12/31        5                   217,928168          1e-17               320                 76,05               4,21                4,28                165730,94           F 
5                   210540                          -3,399045           -44,354263          26,74               2007/1/1          2013/12/31        3                   62,146068           1e-17               147                 49,85               2,95                2,97                109140,96           F 
6                   150130                          -1,396600           -48,871786          28,72               2007/1/1          2013/12/31        1                   38,853506           0,0000000000000995  120                 47,53               2,52                2,54                107722,27           F 
7                   210125                          -2,985825           -44,315423          19,36               2011/1/1          2016/12/31        3                   37,299262           0,000000000000433   103                 38,32               2,69                2,70                91387,44            F 
8                   210087                          -3,275480           -45,657698          28,33               2014/1/1          2019/12/31        2                   28,822804           0,00000000132       76                  27,51               2,76                2,77                63111,01            F 
9                   150630                          -0,725925           -48,516013          14,90               2007/1/1          2013/12/31        1                   21,594863           0,00000123          36                  9,46                3,81                3,81                21057,30            F 
10                  211120                          -2,555859           -44,057548          8,36                2014/1/1          2019/12/31        1                   8,571561            0,247               111                 72,99               1,52                1,52                163569,55           F 
