170305                          1                   1e-17               1586                156,40              10,14               11,26               343049,84           9                   1,47                6,14                6,14                3227,51             -7,903014           -48,675544          F 
170550                          1                   1e-17               1586                156,40              10,14               11,26               343049,84           62                  15,06               4,12                4,13                32634,80            -8,076436           -48,530115          F 
170320                          1                   1e-17               1586                156,40              10,14               11,26               343049,84           0                   2,20                0                   0                   4520,52             -7,983475           -48,969117          F 
170230                          1                   1e-17               1586                156,40              10,14               11,26               343049,84           15                  3,32                4,52                4,52                6798,02             -7,723417           -48,999830          F 
171488                          1                   1e-17               1586                156,40              10,14               11,26               343049,84           48                  5,27                9,11                9,13                11213,60            -7,637885           -48,360745          F 
170360                          1                   1e-17               1586                156,40              10,14               11,26               343049,84           1                   1,03                0,97                0,97                2154,86             -8,289902           -48,442793          F 
171630                          1                   1e-17               1586                156,40              10,14               11,26               343049,84           4                   2,30                1,74                1,74                4785,32             -7,544930           -48,988355          F 
171180                          1                   1e-17               1586                156,40              10,14               11,26               343049,84           14                  1,07                13,06               13,07               2216,78             -8,140808           -49,110333          F 
171570                          1                   1e-17               1586                156,40              10,14               11,26               343049,84           5                   2,43                2,05                2,05                5372,69             -7,885947           -48,156283          F 
171665                          1                   1e-17               1586                156,40              10,14               11,26               343049,84           19                  2,45                7,76                7,77                5215,31             -8,379808           -48,917158          F 
171110                          1                   1e-17               1586                156,40              10,14               11,26               343049,84           3                   1,32                2,28                2,28                2596,78             -8,451208           -48,752608          F 
170210                          1                   1e-17               1586                156,40              10,14               11,26               343049,84           1099                67,90               16,18               17,43               155633,21           -7,331299           -48,587802          F 
171840                          1                   1e-17               1586                156,40              10,14               11,26               343049,84           1                   1,81                0,55                0,55                3721,31             -8,461880           -48,461591          F 
172130                          1                   1e-17               1586                156,40              10,14               11,26               343049,84           0                   1,04                0                   0                   2328,00             -8,356587           -48,210682          F 
170600                          1                   1e-17               1586                156,40              10,14               11,26               343049,84           9                   2,46                3,65                3,65                5265,01             -8,436745           -49,162447          F 
171090                          1                   1e-17               1586                156,40              10,14               11,26               343049,84           0                   1,72                0                   0                   3641,16             -8,316305           -48,033318          F 
171886                          1                   1e-17               1586                156,40              10,14               11,26               343049,84           30                  3,07                9,77                9,78                6793,69             -7,093113           -48,974978          F 
170930                          1                   1e-17               1586                156,40              10,14               11,26               343049,84           20                  11,20               1,79                1,79                24167,30            -8,738467           -48,441673          F 
150270                          1                   1e-17               1586                156,40              10,14               11,26               343049,84           179                 22,38               8,00                8,08                46471,06            -8,182491           -49,512708          F 
171395                          1                   1e-17               1586                156,40              10,14               11,26               343049,84           3                   1,50                2,00                2,00                3272,01             -7,003343           -48,786506          F 
170388                          1                   1e-17               1586                156,40              10,14               11,26               343049,84           24                  1,15                20,87               20,90               2445,60             -7,045121           -48,374543          F 
171670                          1                   1e-17               1586                156,40              10,14               11,26               343049,84           41                  4,23                9,69                9,71                8575,32             -8,836543           -48,765582          F 
150470                          2                   1e-17               880                 263,70              3,34                3,49                581080,17           127                 33,87               3,75                3,77                74100,34            -2,683911           -49,074042          F 
150795                          2                   1e-17               880                 263,70              3,34                3,49                581080,17           36                  37,78               0,95                0,95                88396,63            -2,907819           -48,736701          F 
150460                          2                   1e-17               880                 263,70              3,34                3,49                581080,17           40                  12,65               3,16                3,17                27900,27            -2,576689           -49,466382          F 
150210                          2                   1e-17               880                 263,70              3,34                3,49                581080,17           212                 58,15               3,65                3,69                126092,87           -2,253062           -49,513572          F 
150330                          2                   1e-17               880                 263,70              3,34                3,49                581080,17           108                 27,98               3,86                3,88                59267,07            -2,062706           -49,130745          F 
150120                          2                   1e-17               880                 263,70              3,34                3,49                581080,17           44                  16,49               2,67                2,67                39146,14            -3,129827           -49,698980          F 
150800                          2                   1e-17               880                 263,70              3,34                3,49                581080,17           148                 26,01               5,69                5,74                57260,45            -2,636126           -48,267625          F 
150400                          2                   1e-17               880                 263,70              3,34                3,49                581080,17           3                   12,18               0,25                0,25                26411,72            -1,864269           -49,469137          F 
150520                          2                   1e-17               880                 263,70              3,34                3,49                581080,17           69                  13,58               5,08                5,10                29595,47            -2,278919           -49,902330          F 
150020                          2                   1e-17               880                 263,70              3,34                3,49                581080,17           93                  24,99               3,72                3,74                52909,20            -2,035386           -48,411450          F 
210300                          3                   1e-17               769                 262,38              2,93                3,04                557140,46           233                 74,05               3,15                3,18                157142,53           -4,866409           -43,299187          F 
210030                          3                   1e-17               769                 262,38              2,93                3,04                557140,46           20                  11,44               1,75                1,75                24732,65            -4,502746           -43,383464          F 
211220                          3                   1e-17               769                 262,38              2,93                3,04                557140,46           150                 74,76               2,01                2,02                159775,46           -5,185591           -42,981074          F 
211107                          3                   1e-17               769                 262,38              2,93                3,04                557140,46           17                  8,39                2,03                2,03                17736,32            -5,040176           -43,766643          F 
210660                          3                   1e-17               769                 262,38              2,93                3,04                557140,46           45                  14,83               3,03                3,04                31810,27            -5,388664           -43,307247          F 
210330                          3                   1e-17               769                 262,38              2,93                3,04                557140,46           186                 56,43               3,30                3,33                118516,86           -4,607252           -43,886009          F 
210340                          3                   1e-17               769                 262,38              2,93                3,04                557140,46           118                 22,48               5,25                5,28                47426,39            -4,248051           -43,111938          F 
150190                          4                   1e-17               102                 12,12               8,41                8,47                26472,36            102                 12,12               8,41                8,47                26472,36            -1,632969           -48,089877          F 
210270                          5                   1e-17               165                 64,25               2,57                2,59                141160,89           20                  9,77                2,05                2,05                20840,85            -3,621612           -44,262690          F 
210880                          5                   1e-17               165                 64,25               2,57                2,59                141160,89           16                  8,09                1,98                1,98                17437,35            -3,782861           -44,172594          F 
210540                          5                   1e-17               165                 64,25               2,57                2,59                141160,89           96                  29,25               3,28                3,30                63424,95            -3,387458           -44,277413          F 
210663                          5                   1e-17               165                 64,25               2,57                2,59                141160,89           2                   6,31                0,32                0,32                14582,58            -3,756649           -44,477689          F 
210675                          5                   1e-17               165                 64,25               2,57                2,59                141160,89           31                  10,83               2,86                2,87                24875,17            -3,531420           -44,526852          F 
150130                          6                   0,000000000000256   120                 47,53               2,52                2,54                107722,27           120                 47,53               2,52                2,54                107722,27           -1,498618           -48,634231          F 
210125                          7                   0,00000000000107    103                 38,32               2,69                2,70                91387,44            28                  6,69                4,18                4,19                15977,95            -2,936346           -44,357969          F 
210960                          7                   0,00000000000107    103                 38,32               2,69                2,70                91387,44            41                  17,10               2,40                2,40                40794,15            -2,956326           -44,201878          F 
211020                          7                   0,00000000000107    103                 38,32               2,69                2,70                91387,44            34                  14,53               2,34                2,34                34615,33            -3,159540           -44,328712          F 
211400                          8                   0,00000000201       65                  21,20               3,07                3,08                49564,26            65                  21,20               3,07                3,08                49564,26            -3,259882           -45,912613          F 
150630                          9                   0,00000200          36                  9,46                3,81                3,81                21057,30            36                  9,46                3,81                3,81                21057,30            -0,796624           -48,629984          F 
150307                          10                  0,0280              32                  12,22               2,62                2,62                25355,11            32                  12,22               2,62                2,62                25355,11            -2,168306           -47,075977          F 
211120                          11                  0,294               111                 72,99               1,52                1,52                163569,55           111                 72,99               1,52                1,52                163569,55           -2,574257           -44,130522          F 
