1                   170305                          -7,903014           -48,675544          104,21              2007/1/1          2013/12/31        22                  2318,121562         1e-17               1586                156,40              10,14               11,26               343049,84           F 
2                   150470                          -2,683911           -49,074042          102,99              2007/1/1          2013/12/31        10                  457,728917          1e-17               880                 263,70              3,34                3,49                581080,17           F 
3                   210300                          -4,866409           -43,299187          71,78               2007/1/1          2013/12/31        7                   329,402097          1e-17               769                 262,38              2,93                3,04                557140,46           F 
4                   150190                          -1,632969           -48,089877          0                   2007/1/1          2013/12/31        1                   127,639993          1e-17               102                 12,12               8,41                8,47                26472,36            F 
5                   210270                          -3,621612           -44,262690          30,96               2007/1/1          2013/12/31        5                   55,225659           1e-17               165                 64,25               2,57                2,59                141160,89           F 
6                   150130                          -1,498618           -48,634231          0                   2007/1/1          2013/12/31        1                   38,853506           0,000000000000256   120                 47,53               2,52                2,54                107722,27           F 
7                   210125                          -2,936346           -44,357969          25,01               2011/1/1          2016/12/31        3                   37,299262           0,00000000000107    103                 38,32               2,69                2,70                91387,44            F 
8                   211400                          -3,259882           -45,912613          0                   2014/1/1          2019/12/31        1                   29,101394           0,00000000201       65                  21,20               3,07                3,08                49564,26            F 
9                   150630                          -0,796624           -48,629984          0                   2007/1/1          2013/12/31        1                   21,594863           0,00000200          36                  9,46                3,81                3,81                21057,30            F 
10                  150307                          -2,168306           -47,075977          0                   2007/1/1          2013/12/31        1                   11,041324           0,0280              32                  12,22               2,62                2,62                25355,11            F 
11                  211120                          -2,574257           -44,130522          0                   2014/1/1          2019/12/31        1                   8,571561            0,294               111                 72,99               1,52                1,52                163569,55           F 
