7,811345            
13,588165           
5,460481            
5,646420            
7,568099            
6,077644            
6,026101            
4,553125            
4,250428            
8,130301            
8,327447            
5,977333            
7,140961            
5,037420            
6,755238            
6,875068            
9,311666            
5,148293            
5,928308            
9,966311            
7,432221            
6,641701            
4,402695            
8,411253            
5,880350            
6,635495            
7,431072            
7,270916            
6,365369            
8,718788            
5,970082            
7,278351            
5,956522            
9,164557            
7,215440            
6,123951            
8,317568            
6,022664            
6,590277            
6,977543            
6,227071            
5,267184            
6,372948            
6,830007            
7,318269            
5,918994            
7,606429            
6,958152            
7,576900            
8,152713            
5,322823            
6,649600            
8,654892            
6,834407            
5,031984            
6,228958            
9,416018            
5,487852            
6,479132            
7,771915            
8,190925            
6,173590            
6,698114            
6,335946            
5,275810            
7,120398            
6,128843            
11,794354           
6,044729            
4,397281            
6,672966            
7,651830            
7,612851            
5,144752            
4,956029            
6,952410            
5,098148            
4,129018            
7,023874            
4,913762            
5,870038            
7,465984            
5,369910            
5,685183            
6,007872            
6,515513            
4,039956            
7,036306            
4,770073            
6,734631            
4,185186            
9,626823            
7,255926            
4,768907            
4,290341            
4,389766            
7,499331            
6,334727            
5,100582            
6,917272            
4,951503            
5,672177            
6,207867            
5,266977            
4,314527            
7,070829            
8,268615            
6,138742            
5,810863            
6,013051            
10,204794           
6,345535            
4,652597            
5,158397            
8,748196            
5,249127            
6,216320            
4,310275            
9,027585            
6,214726            
5,856865            
4,258125            
5,656886            
4,846221            
5,088914            
8,333325            
5,628865            
5,921602            
6,416664            
4,938172            
9,602754            
7,449323            
5,180775            
7,827323            
5,997420            
6,828565            
6,342647            
5,452273            
6,735602            
8,557922            
7,279677            
7,372424            
4,108542            
7,552674            
7,104701            
6,082887            
7,270471            
5,179084            
6,356970            
7,471599            
5,364024            
6,200081            
5,979528            
6,303564            
9,326680            
4,623164            
6,657923            
7,891959            
6,452732            
6,134398            
12,806297           
7,117695            
6,120550            
5,994822            
6,203110            
6,058340            
7,251587            
5,603920            
7,018878            
5,653146            
5,153624            
5,669898            
5,450807            
5,386602            
6,330783            
8,004581            
5,278317            
8,499218            
6,403832            
8,627544            
5,672090            
5,836016            
6,411199            
6,519245            
8,187731            
5,213300            
4,834894            
5,713264            
6,034937            
5,345246            
5,531798            
5,896928            
6,350397            
4,941741            
7,757178            
4,130255            
4,123855            
5,416283            
5,051272            
7,999997            
5,675718            
5,995655            
5,758155            
6,596429            
4,608401            
8,425130            
8,447467            
5,882523            
5,248621            
5,370786            
4,271182            
6,603156            
6,826934            
6,676572            
4,973373            
5,484575            
6,789607            
7,560217            
4,992434            
6,266864            
8,155984            
5,761564            
6,709777            
6,583773            
6,405259            
7,367413            
7,951609            
3,851914            
7,150514            
7,460501            
7,401708            
6,597029            
5,622406            
7,959113            
6,772581            
5,297621            
5,776128            
7,142256            
7,635813            
7,986093            
7,609413            
4,615214            
5,154058            
8,228087            
7,387050            
5,771813            
6,353083            
5,453698            
8,846460            
5,101557            
7,547387            
7,880000            
5,942753            
5,434850            
7,471328            
6,573238            
5,396047            
6,297814            
6,269471            
6,721915            
4,932585            
5,884675            
6,022103            
8,535423            
7,511545            
5,768506            
6,795951            
5,915811            
7,530295            
6,036524            
6,735756            
7,178754            
7,042025            
6,270312            
5,163734            
6,273760            
6,959764            
5,342684            
5,173403            
5,457761            
6,608452            
6,364147            
8,582855            
5,201302            
5,695749            
5,935673            
9,001157            
9,473717            
3,539560            
12,186610           
5,724114            
4,874914            
4,233791            
4,686856            
5,764990            
5,060805            
6,693528            
6,199823            
7,630915            
4,989236            
5,331674            
7,223399            
4,289763            
7,988139            
5,973486            
6,533152            
5,599844            
8,418832            
4,753843            
6,719949            
4,573967            
5,582790            
4,323458            
4,832901            
6,466026            
5,075742            
5,828921            
7,215270            
6,670814            
7,404417            
7,122560            
7,343531            
5,135672            
6,668999            
7,919862            
3,953832            
7,579488            
6,944741            
5,343979            
5,825772            
4,916850            
5,221241            
4,961937            
7,539413            
8,263452            
5,637143            
4,821624            
5,254798            
6,022358            
4,917253            
6,930453            
8,691336            
7,896640            
5,288178            
6,284915            
4,464238            
5,663988            
9,529047            
6,677488            
4,228850            
9,117914            
7,398284            
10,320815           
3,609331            
5,426847            
4,693209            
5,932730            
7,787521            
6,878837            
6,121668            
9,799714            
6,567434            
5,750457            
5,704831            
5,821788            
6,878209            
5,411591            
9,541207            
6,766134            
5,781561            
9,943416            
5,266471            
4,825185            
5,429589            
5,638704            
9,186318            
6,145845            
5,168082            
7,306526            
5,310603            
6,729651            
6,700565            
6,028489            
7,201349            
6,647155            
5,592800            
6,956450            
6,984576            
5,005024            
5,794730            
5,794730            
6,266257            
6,065361            
5,650729            
7,192604            
5,964486            
4,851223            
7,558918            
7,001939            
6,005485            
6,236189            
6,174380            
6,530514            
4,678253            
5,691961            
5,407600            
7,699632            
7,480599            
5,200386            
7,179541            
4,931731            
6,180711            
7,486138            
6,258986            
4,548424            
5,178787            
7,154853            
10,014220           
7,149847            
10,348157           
5,888131            
10,184140           
5,676519            
6,846391            
5,942631            
4,992617            
5,872569            
5,888425            
8,658715            
8,449304            
5,984775            
8,379323            
6,625534            
5,709610            
4,659022            
6,378840            
7,722371            
8,078824            
6,132910            
6,495156            
4,607192            
6,215250            
6,170314            
6,415124            
8,111077            
8,571941            
6,285103            
5,879161            
5,057042            
7,248236            
4,415373            
4,385818            
5,555321            
6,833131            
4,936844            
5,017611            
5,800496            
6,297421            
7,900969            
7,179390            
5,567806            
5,022104            
5,807139            
4,820803            
6,299485            
9,987633            
7,289686            
5,367524            
6,479012            
5,922802            
5,289135            
5,033090            
6,634906            
4,446309            
5,290526            
7,344134            
7,016156            
6,805898            
4,634473            
8,164199            
8,704340            
7,355328            
5,908431            
6,294714            
5,148336            
6,304697            
6,424088            
7,946594            
9,440405            
5,820336            
7,630724            
6,347219            
8,509951            
8,314989            
6,199560            
4,798696            
5,918266            
4,923119            
5,993768            
4,396867            
8,297721            
3,990397            
7,969593            
5,024629            
6,454450            
4,163170            
6,597598            
5,803489            
6,613568            
6,769565            
8,962094            
7,110277            
5,668135            
6,346367            
5,700037            
7,955546            
5,474030            
5,929764            
4,926351            
5,356088            
9,423386            
6,935138            
6,292274            
5,271563            
8,780787            
5,660439            
5,063227            
8,654650            
6,062762            
5,897360            
4,498048            
4,972587            
4,985947            
5,931245            
7,252705            
9,409336            
6,707820            
6,234284            
4,943344            
5,130508            
5,820406            
6,357365            
4,990024            
7,402715            
6,237634            
10,504658           
5,695501            
8,056302            
6,225027            
7,169812            
6,310485            
12,829509           
5,680314            
5,522812            
7,104322            
4,737427            
5,259338            
6,462489            
4,720753            
7,354285            
8,901081            
7,992540            
5,824271            
5,413948            
6,259601            
6,338768            
11,601845           
4,288347            
10,970886           
5,547308            
6,487889            
5,558651            
6,871419            
10,528672           
7,236359            
4,870314            
5,144021            
6,215649            
7,251587            
4,941702            
8,122926            
5,079442            
6,234522            
4,155331            
5,046354            
8,935479            
5,737771            
6,115162            
5,974861            
8,553574            
6,266962            
4,728060            
5,430133            
9,649313            
7,231659            
6,446813            
5,717492            
6,085372            
7,420845            
4,468795            
7,059344            
5,755762            
6,539365            
7,096192            
6,066734            
7,207177            
6,074755            
7,210120            
7,181401            
6,805873            
7,858347            
5,948246            
4,594166            
5,360203            
9,465862            
4,342050            
5,381003            
4,667655            
5,562520            
6,824430            
6,931501            
6,504520            
5,564183            
6,714705            
6,437489            
9,111089            
7,397920            
6,779896            
6,263745            
5,198999            
7,029497            
5,106728            
5,312568            
5,266544            
6,108832            
5,553837            
6,395463            
7,269442            
6,755256            
6,531459            
4,396034            
6,546965            
7,594907            
7,992981            
6,711475            
5,971518            
5,901320            
4,938361            
6,379033            
5,775835            
5,366120            
6,585222            
5,753806            
6,231554            
6,075306            
4,952806            
5,428508            
5,124527            
6,164841            
9,116073            
6,486520            
5,072522            
6,279941            
10,108983           
6,420273            
5,015244            
7,291846            
6,828624            
5,471986            
7,883812            
5,948026            
4,199690            
6,383125            
6,746756            
4,788548            
5,566527            
6,124098            
5,217723            
7,232944            
6,242480            
6,008295            
5,477686            
7,359278            
5,746057            
7,492097            
7,590203            
6,975452            
4,577767            
5,841509            
7,247205            
5,949096            
6,538576            
5,873855            
6,359222            
9,235062            
5,605192            
5,970644            
7,291161            
5,052612            
7,032933            
7,082562            
8,542762            
5,409782            
7,539666            
5,771234            
6,060975            
5,365511            
7,151918            
5,003750            
7,640443            
5,937238            
8,393430            
6,305024            
5,868906            
5,848442            
7,619329            
8,780741            
5,757970            
8,765996            
4,809468            
4,603539            
6,467733            
6,583563            
7,170964            
10,865748           
5,301330            
5,752221            
5,878116            
4,389762            
7,255712            
7,223010            
5,703857            
6,185324            
7,639946            
8,228838            
10,723228           
4,009316            
8,254728            
6,471307            
7,705763            
6,054747            
9,178293            
7,201726            
5,183906            
8,066291            
5,888088            
4,293812            
6,325511            
6,309245            
9,054827            
5,968841            
6,000782            
6,975928            
9,237263            
5,258466            
5,574713            
5,300391            
4,790300            
5,266322            
6,637835            
5,401948            
5,909969            
5,240419            
12,665248           
5,542651            
7,305010            
6,481749            
5,643618            
6,535643            
6,997549            
6,826883            
4,840492            
6,504990            
4,656035            
3,732545            
12,594403           
4,502242            
4,348202            
5,345246            
8,789619            
5,451437            
8,415593            
5,792855            
12,121200           
12,640417           
8,591338            
8,368856            
8,406029            
5,929531            
5,880619            
7,427629            
7,956711            
5,486684            
5,959273            
4,651983            
5,512342            
5,376960            
4,253883            
7,869273            
5,805202            
9,180252            
6,032872            
5,019558            
6,117266            
5,794606            
7,456287            
5,210839            
5,453587            
7,063751            
6,684895            
5,905583            
6,215975            
6,239012            
10,568267           
4,372972            
6,212024            
4,240109            
6,802862            
7,676200            
5,824850            
4,792659            
5,506299            
7,816141            
6,770899            
7,426895            
5,971563            
6,497491            
7,184645            
6,580052            
4,899639            
5,800320            
4,379111            
11,042033           
6,433150            
6,378011            
7,292604            
5,986622            
5,017513            
4,623900            
5,350328            
5,022615            
7,887641            
5,364968            
8,189646            
5,267515            
10,745253           
5,271484            
5,925732            
6,694370            
5,218052            
6,244444            
7,324552            
6,833597            
6,837951            
8,031347            
6,034937            
6,175443            
6,908954            
7,585138            
4,865042            
5,361004            
5,279543            
5,713901            
5,530447            
8,762166            
6,163243            
6,495899            
6,433624            
4,384551            
6,255340            
6,068276            
6,367803            
9,219703            
6,496491            
5,202708            
7,602349            
6,550583            
5,825957            
4,066241            
6,882699            
7,233777            
6,963543            
6,754300            
6,627056            
5,724563            
5,633370            
6,384820            
6,861481            
4,366965            
8,034820            
6,376871            
4,965277            
7,421839            
8,678319            
5,052373            
5,654935            
6,554350            
4,724528            
8,114964            
5,562990            
7,644563            
5,405781            
6,973651            
8,664883            
4,627132            
4,810188            
6,714730            
4,926540            
4,892676            
5,700037            
7,032441            
4,996052            
5,596394            
3,854375            
6,762284            
5,214461            
4,417790            
6,907895            
5,721697            
6,512052            
5,896357            
5,546577            
8,892490            
6,107960            
6,935270            
4,696482            
5,283581            
6,090020            
5,003503            
5,942984            
4,845563            
6,559710            
7,314859            
6,209055            
7,310081            
7,520547            
7,090775            
6,750406            
5,870711            
9,021573            
7,772211            
6,790472            
7,073511            
4,214860            
8,685366            
6,685016            
8,255136            
7,201862            
5,442385            
6,538845            
4,878729            
6,646127            
4,383742            
8,291455            
7,355848            
5,215124            
7,178986            
4,418345            
4,445414            
5,360705            
5,246995            
6,289348            
8,602710            
12,726975           
5,533633            
7,453582            
5,067239            
6,622796            
6,047622            
5,486346            
6,803879            
4,562150            
4,410563            
7,394301            
5,394302            
4,104084            
7,547013            
9,227042            
9,205928            
6,873830            
8,475050            
5,345246            
5,799597            
8,608318            
6,598249            
4,146195            
6,841172            
7,748473            
7,730396            
6,412024            
4,674951            
6,397832            
6,130910            
7,027118            
4,627635            
4,750835            
6,473114            
7,938550            
10,129056           
