3,914632            
3,350494            
5,130396            
3,826818            
3,394787            
2,942359            
3,260413            
3,489058            
3,446185            
3,534775            
2,642599            
3,073916            
2,932662            
3,328123            
2,556879            
4,335406            
4,761854            
3,950993            
3,880385            
3,620379            
2,569232            
2,722773            
4,421086            
3,372007            
2,792638            
2,994405            
3,663616            
4,212558            
3,692573            
3,607790            
3,597414            
3,663447            
2,721395            
2,492756            
3,807726            
3,261147            
4,438178            
3,140575            
3,428445            
2,519992            
3,273362            
3,592680            
3,519426            
2,793164            
5,603862            
3,878092            
3,304547            
2,975590            
3,411007            
3,095065            
4,117154            
5,196842            
2,698537            
5,755095            
4,393485            
3,394787            
2,154841            
3,540866            
4,053204            
3,073350            
4,552147            
4,093515            
3,281927            
3,359521            
3,531638            
4,284412            
2,827700            
2,597325            
2,517556            
3,296492            
4,284689            
4,010997            
5,405270            
3,241109            
2,233562            
2,588990            
3,597193            
5,185874            
2,942359            
3,823639            
3,770562            
3,463915            
4,450613            
3,597193            
4,513014            
3,443062            
2,899569            
2,469159            
3,729106            
3,725117            
2,876476            
5,466279            
3,550901            
3,116964            
3,994166            
2,901303            
4,304187            
3,095065            
5,062342            
4,023059            
3,209023            
3,845876            
3,460108            
7,021485            
4,196710            
2,120489            
3,508021            
4,648491            
3,068776            
3,552012            
5,330565            
4,448813            
3,079227            
2,631370            
3,155021            
3,046007            
3,165599            
2,988848            
3,357054            
3,408358            
2,357009            
2,950387            
5,603862            
2,662483            
3,141580            
3,356829            
3,063800            
3,791810            
3,593826            
4,328874            
3,099756            
2,780024            
3,846648            
2,900092            
4,339188            
3,039489            
3,984362            
3,772230            
3,685961            
2,801698            
3,072493            
5,248897            
4,805471            
3,741704            
3,620695            
2,664875            
3,792298            
3,161284            
5,300016            
3,293412            
7,277827            
3,901442            
3,561604            
3,345995            
4,851952            
6,349560            
3,533828            
3,169326            
3,794111            
2,899569            
3,957387            
2,489840            
3,429950            
3,176474            
3,259085            
3,207365            
3,342128            
3,769569            
4,969753            
3,613621            
2,824306            
3,337313            
2,885248            
2,741896            
4,305920            
4,796219            
2,223045            
3,823639            
4,225596            
3,097522            
3,946595            
2,597325            
3,902801            
3,485043            
3,984428            
2,850190            
3,722669            
3,502547            
2,780024            
2,439753            
2,356331            
4,676692            
5,329396            
3,058592            
3,655628            
2,827700            
2,999656            
3,595044            
4,601024            
3,946595            
2,934358            
3,169060            
5,278064            
4,418758            
4,322850            
3,231093            
2,942359            
2,972972            
2,912351            
3,076447            
3,323609            
3,345995            
4,754449            
4,502362            
2,656721            
3,509784            
4,252276            
3,252507            
2,196291            
4,146736            
5,359003            
4,829964            
2,619576            
3,409997            
3,607790            
2,849481            
3,521374            
4,276409            
5,512554            
4,273436            
3,797997            
3,627521            
2,424928            
2,839988            
3,799162            
2,765682            
2,443174            
2,517556            
3,507995            
3,104375            
3,581685            
4,433354            
4,066848            
4,678353            
2,966505            
5,074352            
4,502362            
4,647650            
3,937726            
4,724980            
3,529832            
3,035628            
5,065109            
3,667714            
3,176854            
3,966491            
4,031570            
5,129096            
5,065109            
4,293319            
3,181464            
3,372902            
6,223857            
6,880348            
3,846426            
2,932024            
3,467925            
3,695576            
4,331949            
3,039489            
5,708738            
3,260413            
2,873457            
3,849372            
3,076394            
5,425989            
5,108656            
4,172622            
3,738078            
2,594385            
3,454543            
6,304055            
2,766967            
3,340733            
3,772230            
4,114342            
2,903718            
4,332774            
3,293412            
4,689941            
4,472049            
4,418758            
3,589820            
2,975590            
3,636452            
3,619802            
4,271793            
4,019962            
4,365986            
4,457653            
3,418691            
4,044632            
3,627675            
7,962825            
2,813399            
4,028855            
5,541363            
2,932024            
3,146611            
3,098801            
2,382060            
3,423337            
2,120489            
3,646433            
3,305937            
3,444075            
3,377399            
2,973685            
4,563906            
4,400451            
4,212558            
5,478985            
3,999123            
4,181749            
3,814519            
3,180797            
4,214711            
2,286385            
3,531791            
2,968254            
4,161175            
3,836322            
2,661798            
3,694759            
3,195079            
4,385157            
3,893913            
5,139917            
4,892936            
2,695073            
2,898872            
3,775798            
4,985861            
4,749192            
3,579119            
3,738830            
3,930660            
2,537436            
5,364663            
3,060292            
5,015396            
3,169060            
3,865980            
2,936167            
6,074977            
3,657152            
2,580500            
2,964620            
2,560080            
3,189907            
4,059004            
3,634012            
3,703920            
2,860588            
4,452514            
3,729028            
3,035481            
3,238802            
3,619721            
3,627521            
3,023817            
4,203571            
3,488433            
4,438178            
4,547061            
2,604761            
3,250802            
4,021604            
3,140609            
3,677660            
3,988607            
2,546759            
3,304547            
3,795113            
4,559632            
2,787317            
3,729028            
3,233626            
2,991719            
3,825815            
3,410171            
4,393171            
3,155227            
4,612289            
3,099756            
2,901303            
2,601169            
4,608230            
5,203309            
2,749338            
3,469665            
2,570390            
3,411007            
3,348016            
3,161902            
3,928268            
4,438178            
3,742757            
4,471109            
3,294040            
5,312407            
2,907960            
3,695576            
2,179273            
3,796776            
6,664160            
5,730534            
3,185504            
3,622654            
5,346790            
4,212258            
3,288521            
3,254719            
4,506869            
3,441041            
3,902989            
3,117840            
3,606473            
3,478832            
2,604745            
3,601321            
2,489840            
3,795126            
3,829413            
2,978182            
3,097522            
3,740809            
4,275271            
3,739705            
5,370926            
3,895154            
3,441349            
3,946509            
3,832720            
3,617004            
2,885248            
3,066261            
3,293250            
4,416408            
4,464031            
4,203316            
3,153176            
4,114342            
2,862784            
3,445642            
5,304874            
5,062813            
3,607790            
3,598065            
3,901442            
4,117154            
9,152070            
6,509787            
2,889960            
4,924805            
3,104702            
4,072238            
3,906246            
4,608230            
3,243084            
4,844025            
4,096734            
3,386920            
3,530450            
3,100259            
4,575186            
3,477708            
3,490747            
4,332276            
4,117154            
3,359521            
3,556035            
3,826818            
3,194485            
4,072562            
3,695576            
2,302998            
3,410411            
4,136080            
3,238134            
3,622654            
3,845876            
3,961903            
5,184205            
3,351473            
3,637534            
5,036523            
3,053955            
3,815370            
3,880868            
3,857526            
2,984345            
3,321761            
5,426288            
2,978182            
3,445851            
5,199011            
3,369201            
3,862805            
3,687017            
4,285069            
3,206332            
3,957387            
3,217450            
3,482774            
3,259085            
3,441349            
7,432544            
3,405109            
3,662847            
3,467145            
4,608230            
3,139115            
3,525693            
3,220583            
3,073017            
3,380532            
3,490077            
2,286385            
3,556699            
3,912599            
3,830822            
4,439974            
4,305920            
3,598980            
2,934358            
3,699375            
3,477708            
3,772230            
2,517556            
2,978861            
2,786191            
3,504243            
2,546194            
3,513686            
3,778718            
4,487349            
4,069643            
3,759810            
3,855522            
2,598901            
3,441349            
3,408469            
3,625969            
5,017257            
3,014357            
3,900971            
4,173607            
3,056633            
2,610207            
3,591289            
3,070289            
6,433851            
4,905882            
2,913072            
4,084594            
4,720286            
5,070975            
2,517556            
4,434706            
4,049255            
2,439753            
3,637887            
5,148749            
2,671648            
2,741896            
2,666894            
2,790151            
3,930660            
3,649381            
3,494041            
3,477138            
3,691592            
3,591289            
4,390596            
2,980126            
3,515601            
4,576318            
4,052560            
2,776449            
3,815370            
2,765375            
3,181464            
3,401995            
2,568744            
3,508021            
3,673852            
6,478410            
4,036266            
2,942359            
5,006870            
4,394158            
4,954464            
2,850759            
3,569256            
2,587366            
3,967712            
3,083594            
2,429718            
3,359072            
2,891002            
3,157848            
2,920552            
4,492443            
3,870099            
3,658995            
3,297465            
3,569704            
3,357054            
2,735742            
3,181464            
3,495676            
2,720480            
2,725396            
4,398657            
3,642478            
3,607359            
4,949947            
4,985344            
3,559868            
3,861466            
3,795113            
4,987407            
3,762437            
3,068776            
4,754311            
4,019962            
4,687590            
4,210166            
3,184509            
3,425526            
4,212558            
3,510054            
3,687017            
5,825343            
4,608179            
3,300255            
3,589820            
4,577121            
7,311775            
3,718321            
3,967363            
3,293412            
3,873002            
3,435224            
4,664235            
2,654333            
3,386756            
5,470482            
4,630714            
3,304547            
4,160361            
3,283187            
3,513715            
3,592029            
3,485886            
3,423834            
3,624030            
3,775769            
3,957387            
3,386756            
4,148399            
4,960903            
3,383091            
4,794753            
2,757210            
3,552301            
3,901442            
2,760746            
4,038293            
4,242925            
3,980228            
4,340454            
4,218782            
3,260413            
3,233626            
3,121763            
4,161994            
2,560137            
4,173659            
4,542777            
3,596101            
3,916573            
2,335338            
3,357190            
5,423792            
4,196710            
3,508021            
3,533931            
3,861466            
4,882690            
4,098385            
3,482774            
5,134303            
3,952015            
2,327357            
4,178146            
3,753411            
3,508021            
3,723373            
2,944471            
3,356829            
3,356829            
3,821847            
6,388417            
4,246814            
2,972972            
2,681095            
3,011871            
3,261147            
4,159045            
3,849866            
2,721395            
3,381934            
6,000583            
4,438834            
3,967264            
2,913493            
3,695576            
4,605157            
2,624595            
3,205050            
2,582740            
4,714834            
3,762958            
3,944698            
2,827700            
3,847730            
3,901442            
3,463915            
3,966523            
4,392381            
5,512663            
5,019370            
2,378475            
4,006694            
3,738078            
3,725117            
3,189907            
3,917625            
3,747070            
5,791989            
2,961972            
3,179476            
3,815370            
2,607223            
3,642478            
4,028855            
3,494041            
4,851952            
2,187104            
4,151295            
3,226917            
5,213183            
2,899569            
3,357054            
3,944698            
4,612796            
3,293902            
2,547048            
4,229602            
3,011746            
3,386756            
4,182062            
4,621057            
2,661798            
3,196369            
4,673369            
5,241799            
4,007234            
3,606173            
3,687017            
3,372902            
4,036898            
2,657124            
2,770190            
3,158487            
2,469826            
3,887498            
2,937626            
2,469826            
3,233682            
3,331654            
3,053478            
4,464850            
3,288521            
3,442639            
4,252382            
3,968171            
4,605908            
4,207060            
2,567596            
4,969538            
2,579070            
3,687017            
3,311514            
3,933363            
4,094230            
3,095065            
3,181737            
3,091556            
2,956867            
2,912351            
3,213280            
4,464031            
3,922480            
3,386756            
4,254589            
3,862528            
3,204007            
3,482774            
2,677945            
3,013980            
3,949552            
4,413609            
4,305920            
4,163314            
3,748292            
4,249786            
2,657124            
3,757092            
3,129757            
3,547177            
3,925340            
3,604861            
2,662381            
3,508946            
3,792929            
2,797304            
2,881327            
3,111813            
3,035391            
5,104290            
3,018952            
3,359072            
4,008601            
3,646911            
3,836248            
3,758658            
3,386756            
3,161997            
3,956059            
3,873535            
2,657124            
4,046045            
3,685465            
3,650118            
5,658563            
4,274931            
3,135774            
3,369374            
3,674838            
3,121220            
3,599278            
2,469826            
4,626796            
3,001168            
3,830822            
3,166074            
5,007425            
5,174512            
3,097522            
3,337558            
3,482774            
3,600331            
4,196710            
2,938037            
3,797582            
4,359428            
3,292008            
3,318804            
4,671803            
4,658746            
2,637354            
3,967712            
3,307335            
3,000689            
3,342297            
3,392335            
5,882280            
4,207048            
3,192694            
2,958620            
3,460108            
5,070890            
3,100333            
2,373217            
3,263145            
3,746175            
5,158313            
2,661798            
2,544018            
4,659071            
2,424536            
2,800574            
2,753924            
2,936419            
3,525215            
4,580110            
5,681286            
2,902802            
3,051003            
6,623427            
4,076210            
5,228155            
3,845852            
3,261093            
5,226432            
3,647929            
3,997950            
3,011950            
4,782318            
3,278819            
3,998782            
4,421086            
3,994166            
4,793870            
3,723509            
3,871348            
6,036310            
3,696733            
4,059004            
3,781425            
3,546286            
5,120802            
2,817873            
3,211977            
4,217955            
2,528691            
3,995998            
3,378584            
2,574404            
3,018952            
2,882852            
3,676444            
4,284412            
2,973685            
2,661798            
3,475530            
4,117154            
5,568395            
4,373153            
2,577150            
3,260413            
3,323369            
3,912599            
3,724669            
2,436342            
3,641557            
4,059075            
3,494041            
3,169060            
4,415307            
2,485258            
4,114342            
4,576318            
2,604472            
3,373701            
3,319826            
3,027668            
6,414051            
2,597325            
3,137216            
3,762958            
2,527096            
3,034074            
3,195121            
2,765522            
4,347999            
2,432335            
3,304293            
3,477708            
3,035391            
6,554256            
2,899569            
3,386756            
5,413455            
2,945613            
5,090543            
4,594702            
5,958049            
2,576151            
3,960836            
2,661798            
3,372902            
3,238206            
3,394787            
3,634555            
3,513155            
