150295                          1                   1e-17               722                 322,07              2,24                148                 48,23               3,07                -6,069645           -49,245435          F 
150277                          1                   1e-17               722                 322,07              2,24                25                  8,25                3,03                -6,228930           -49,624611          F 
150563                          1                   1e-17               722                 322,07              2,24                6                   2,86                2,10                -6,541035           -49,011769          F 
150745                          1                   1e-17               722                 322,07              2,24                23                  28,56               0,81                -6,189251           -48,748223          F 
150775                          1                   1e-17               722                 322,07              2,24                0                   0,95                0                   -6,838887           -49,569770          F 
150215                          1                   1e-17               722                 322,07              2,24                69                  24,12               2,86                -6,424206           -50,085674          F 
150715                          1                   1e-17               722                 322,07              2,24                24                  10,15               2,36                -5,657595           -48,730594          F 
150420                          1                   1e-17               722                 322,07              2,24                154                 95,51               1,61                -5,629800           -50,016960          F 
150840                          1                   1e-17               722                 322,07              2,24                36                  13,64               2,64                -6,917778           -49,635269          F 
150750                          1                   1e-17               722                 322,07              2,24                7                   2,54                2,76                -5,447323           -48,696792          F 
150175                          1                   1e-17               722                 322,07              2,24                3                   1,59                1,89                -5,735507           -48,431889          F 
150549                          1                   1e-17               722                 322,07              2,24                3                   1,90                1,58                -5,927267           -48,370184          F 
150370                          1                   1e-17               722                 322,07              2,24                6                   2,22                2,70                -5,114824           -49,869706          F 
150553                          1                   1e-17               722                 322,07              2,24                142                 49,50               2,87                -6,151734           -50,489772          F 
150497                          1                   1e-17               722                 322,07              2,24                2                   1,59                1,26                -4,981070           -49,230771          F 
150157                          1                   1e-17               722                 322,07              2,24                6                   1,90                3,15                -5,054267           -48,763514          F 
150034                          1                   1e-17               722                 322,07              2,24                0                   0,32                0                   -6,772979           -50,430155          F 
150616                          1                   1e-17               722                 322,07              2,24                15                  4,76                3,15                -7,340633           -49,895143          F 
150304                          1                   1e-17               722                 322,07              2,24                18                  6,66                2,70                -7,548323           -49,576031          F 
150013                          1                   1e-17               722                 322,07              2,24                0                   0                   0                   -4,957319           -48,424601          F 
150380                          1                   1e-17               722                 322,07              2,24                2                   1,59                1,26                -4,598533           -49,181198          F 
150555                          1                   1e-17               722                 322,07              2,24                14                  5,71                2,45                -7,736975           -50,123622          F 
150618                          1                   1e-17               722                 322,07              2,24                3                   0,95                3,15                -4,516927           -48,460037          F 
150506                          1                   1e-17               722                 322,07              2,24                14                  7,62                1,84                -4,502843           -50,271610          F 
150125                          1                   1e-17               722                 322,07              2,24                2                   0,95                2,10                -7,486384           -50,634416          F 
150800                          2                   1e-17               1430                1009,06             1,42                148                 105,47              1,40                -2,636126           -48,267625          F 
150345                          2                   1e-17               1430                1009,06             1,42                9                   7,29                1,23                -2,805778           -47,921546          F 
150095                          2                   1e-17               1430                1009,06             1,42                28                  16,53               1,69                -2,231179           -47,726353          F 
150020                          2                   1e-17               1430                1009,06             1,42                93                  70,48               1,32                -2,035386           -48,411450          F 
150275                          2                   1e-17               1430                1009,06             1,42                30                  20,90               1,44                -1,881720           -47,974657          F 
150720                          2                   1e-17               1430                1009,06             1,42                67                  52,01               1,29                -1,882565           -47,771487          F 
150405                          2                   1e-17               1430                1009,06             1,42                11                  6,80                1,62                -1,991013           -47,512783          F 
150795                          2                   1e-17               1430                1009,06             1,42                36                  26,73               1,35                -2,907819           -48,736701          F 
150190                          2                   1e-17               1430                1009,06             1,42                102                 64,65               1,58                -1,632969           -48,089877          F 
150550                          2                   1e-17               1430                1009,06             1,42                20                  15,55               1,29                -3,203450           -47,603151          F 
150350                          2                   1e-17               1430                1009,06             1,42                3                   1,94                1,54                -1,811536           -47,399859          F 
150470                          2                   1e-17               1430                1009,06             1,42                127                 92,35               1,38                -2,683911           -49,074042          F 
150340                          2                   1e-17               1430                1009,06             1,42                1                   0,49                2,06                -1,464677           -47,922670          F 
150230                          2                   1e-17               1430                1009,06             1,42                8                   4,86                1,65                -2,042165           -47,233396          F 
150010                          2                   1e-17               1430                1009,06             1,42                76                  52,01               1,46                -1,730257           -48,883069          F 
150760                          2                   1e-17               1430                1009,06             1,42                8                   5,35                1,50                -1,551532           -47,610773          F 
150442                          2                   1e-17               1430                1009,06             1,42                4                   2,43                1,65                -1,397450           -48,319790          F 
150130                          2                   1e-17               1430                1009,06             1,42                120                 69,99               1,71                -1,498618           -48,634231          F 
150330                          2                   1e-17               1430                1009,06             1,42                108                 81,66               1,32                -2,062706           -49,130745          F 
150650                          2                   1e-17               1430                1009,06             1,42                3                   2,92                1,03                -1,365207           -48,129307          F 
150150                          2                   1e-17               1430                1009,06             1,42                1                   0,97                1,03                -1,339618           -48,275620          F 
150307                          2                   1e-17               1430                1009,06             1,42                32                  23,82               1,34                -2,168306           -47,075977          F 
150080                          2                   1e-17               1430                1009,06             1,42                8                   4,86                1,65                -1,334077           -48,383544          F 
150240                          2                   1e-17               1430                1009,06             1,42                2                   2,92                0,69                -1,268515           -47,876981          F 
150660                          2                   1e-17               1430                1009,06             1,42                1                   0,97                1,03                -1,374485           -47,521642          F 
150140                          2                   1e-17               1430                1009,06             1,42                8                   8,75                0,91                -1,240719           -48,459911          F 
150635                          2                   1e-17               1430                1009,06             1,42                0                   0,49                0                   -1,194336           -48,250517          F 
150495                          2                   1e-17               1430                1009,06             1,42                7                   4,86                1,44                -2,392644           -46,900043          F 
150740                          2                   1e-17               1430                1009,06             1,42                1                   0,49                2,06                -1,206000           -47,746844          F 
150700                          2                   1e-17               1430                1009,06             1,42                0                   0                   0                   -1,093256           -48,182765          F 
150460                          2                   1e-17               1430                1009,06             1,42                40                  30,14               1,33                -2,576689           -49,466382          F 
150160                          2                   1e-17               1430                1009,06             1,42                0                   0                   0                   -1,387337           -47,302280          F 
150540                          2                   1e-17               1430                1009,06             1,42                0                   0                   0                   -1,495919           -47,139196          F 
150210                          2                   1e-17               1430                1009,06             1,42                212                 147,76              1,43                -2,253062           -49,513572          F 
150320                          2                   1e-17               1430                1009,06             1,42                3                   2,43                1,23                -1,145018           -47,565988          F 
150400                          2                   1e-17               1430                1009,06             1,42                3                   3,89                0,77                -1,864269           -49,469137          F 
150655                          2                   1e-17               1430                1009,06             1,42                0                   0,49                0                   -1,656634           -46,926917          F 
150796                          2                   1e-17               1430                1009,06             1,42                0                   0                   0                   -1,002593           -47,848294          F 
150500                          2                   1e-17               1430                1009,06             1,42                1                   0,49                2,06                -1,156443           -47,392148          F 
150820                          2                   1e-17               1430                1009,06             1,42                1                   0,49                2,06                -0,933415           -48,104929          F 
150260                          2                   1e-17               1430                1009,06             1,42                1                   0,49                2,06                -0,935846           -48,273719          F 
150812                          2                   1e-17               1430                1009,06             1,42                2                   3,40                0,59                -3,809840           -47,493609          F 
150560                          2                   1e-17               1430                1009,06             1,42                0                   0                   0                   -1,130711           -47,271982          F 
150710                          2                   1e-17               1430                1009,06             1,42                1                   0,49                2,06                -0,864925           -48,025733          F 
150746                          2                   1e-17               1430                1009,06             1,42                0                   0                   0                   -0,870468           -47,964466          F 
150490                          2                   1e-17               1430                1009,06             1,42                2                   1,46                1,37                -1,355675           -49,309250          F 
150570                          2                   1e-17               1430                1009,06             1,42                13                  12,15               1,07                -1,117508           -49,077282          F 
150220                          2                   1e-17               1430                1009,06             1,42                2                   0,97                2,06                -1,142084           -47,117901          F 
150440                          2                   1e-17               1430                1009,06             1,42                0                   0                   0                   -0,837413           -47,709813          F 
150410                          2                   1e-17               1430                1009,06             1,42                0                   0                   0                   -0,809852           -47,635210          F 
150630                          2                   1e-17               1430                1009,06             1,42                36                  20,41               1,76                -0,796624           -48,629984          F 
150290                          2                   1e-17               1430                1009,06             1,42                0                   0                   0                   -0,742743           -47,863883          F 
150120                          2                   1e-17               1430                1009,06             1,42                44                  29,65               1,48                -3,129827           -49,698980          F 
150690                          2                   1e-17               1430                1009,06             1,42                0                   0                   0                   -0,913344           -47,332947          F 
150200                          2                   1e-17               1430                1009,06             1,42                7                   5,83                1,20                -0,869424           -48,877241          F 
